0.00012	0.000107	(8.998217393836815e-05, 0.000124017826061632)
0.00013000000000000002	0.000125	(0.00010660654606516612, 0.00014339345393483407)
0.00014000000000000001	0.000143	(0.0001233269184575462, 0.000162673081542454)
0.00015000000000000001	0.000167	(0.0001457402870403447, 0.00018825971295965548)
0.00016	0.000185	(0.00016262406891255464, 0.00020737593108744557)
0.00017	0.00021525	(0.00019111427984631063, 0.00023938572015368958)
0.00018	0.0002435	(0.00021782963590151044, 0.00026917036409848986)
0.00019	0.000251	(0.0002249373976676348, 0.0002770626023323654)
0.0002	0.00028625	(0.00025841789796057877, 0.0003140821020394215)
0.00021	0.00029925	(0.0002707931046935469, 0.00032770689530645336)
0.00022	0.00032725	(0.000297491969665557, 0.0003570080303344433)
