	0.000299	(0.00024210998075422253, 0.000355890019245778)
	0.000355	(0.00029301273157689064, 0.00041698726842311)
	0.000551	(0.0004737814678971544, 0.0006282185321028462)
	0.000669	(0.0005839188871027744, 0.0007540811128972265)
	0.000907	(0.0008079459984134495, 0.0010060540015865516)
	0.001062	(0.0009548241469933472, 0.0011691758530066538)
	0.001328	(0.00120816714744202, 0.0014478328525579813)
	0.001595	(0.001463689595068861, 0.0017263104049311405)
	0.001773	(0.0016345686522050437, 0.0019114313477949577)
	0.002114	(0.0019628673214196393, 0.002265132678580362)
	0.002304	(0.0021462367747803516, 0.00246176322521965)
