0.00014	0.000137	(0.00011774400520103325, 0.00015625599479896692)
0.00015	0.00016075	(0.00013989183929768927, 0.00018160816070231093)
0.00015999999999999999	0.000181	(0.00015886724850479138, 0.00020313275149520883)
0.00016999999999999999	0.00018775	(0.00016520840580084404, 0.0002102915941991562)
0.00017999999999999998	0.00021425	(0.0001901703974616594, 0.00023832960253834082)
0.00019	0.00024575	(0.00021996133739140444, 0.0002715386626085958)
0.0002	0.00025825	(0.00023181377088148585, 0.00028468622911851445)
0.00021	0.00027875	(0.0002512848277300929, 0.0003062151722699074)
0.00022	0.0003025	(0.00027388904066337266, 0.00033111095933662757)
0.00023	0.0003185	(0.00028914237129517396, 0.0003478576287048263)
0.00024	0.00035	(0.00031922532785359016, 0.0003807746721464101)
