	0.00102	(0.0009149626138261618, 0.0011250373861738394)
	0.001266	(0.0011489942530239921, 0.001383005746976009)
	0.001439	(0.001314266496678177, 0.001563733503321824)
	0.001699	(0.001563483284940122, 0.0018345167150598794)
	0.002045	(0.0018963490946324562, 0.002193650905367545)
	0.002197	(0.002042935402239498, 0.002351064597760504)
	0.002568	(0.0024014653603644837, 0.0027345346396355176)
	0.002978	(0.002798700061464344, 0.003157299938535658)
	0.003284	(0.0030957423156203483, 0.0034722576843796535)
	0.003598	(0.0034009786465935346, 0.0037950213534064673)
	0.004006	(0.0037981503694783755, 0.004213849630521627)
