	0.000879	(0.0007814855659788825, 0.0009765144340211185)
	0.001095	(0.0009861735214465345, 0.0012038264785534667)
	0.00129	(0.0011718918198967982, 0.0014081081801032027)
	0.001501	(0.0013736116869381076, 0.0016283883130618934)
	0.001695	(0.001559642633037666, 0.0018303573669623348)
	0.001934	(0.0017894316285560015, 0.0020785683714439995)
	0.002164	(0.0020110943139480947, 0.002316905686051907)
	0.002497	(0.0023327778250185967, 0.0026612221749814048)
	0.002775	(0.002601901423758466, 0.0029480985762415355)
	0.003087	(0.002904458183612876, 0.0032695418163871254)
	0.003473	(0.0032794191689711205, 0.003666580831028881)
