00000000000000000000 00000000000000 932291
10000000000000000000 00000000000000 3637
00000000100001000110 00100100000010 4
00001000000000000100 00011000000000 1372
00010000000000000000 00000000000000 3728
00100000000000000000 00000000000000 3774
00001000000001000110 00000010000010 64
00000000010000000000 00000000000000 1795
00000010000001010010 00001001001100 5
00010000000001000010 00000100000010 448
01000000000000010010 00001000000000 132
00010000001011010110 00010000001000 340
00001000000000000110 00000010000000 149
00000000100000000000 00000000000000 2528
00000010000000000000 00000000000000 1998
00000010000011000100 00100000000001 59
00000100000000010000 01000000000000 765
00000000100000010110 00010000000000 334
00000100001000010000 01000000100000 593
00000111001011000000 00000000001000 118
00011000000001000110 00000010000010 56
00001000000000010010 00001000000000 125
00000001000010000100 00100000010000 612
00100000000010000000 00000000010000 250
00000010000001000000 00000001001000 2006
00010000000011000000 00000000000001 360
00010000001001010010 00001000000100 378
00011000000000010010 00001000000000 121
00000000010010000000 00000000000011 1787
00000110000001100000 00000000000000 4
00011000000011000110 00000010000001 64
00000000100000000010 00000100000000 973
10100000001010000000 00000001000000 163
00000001000000000000 00000000000000 2335
00100000000011000110 00000010000001 213
00000001000010000000 00000000010000 70
00000011000011000000 00000000000001 110
00000110000001000000 00000000100100 463
00000000110000000000 00000000000000 365
00000001000000000100 00100000000000 763
11000000000000000000 00000000000000 204
11100000001011000000 00000000001000 66
00000000100001000000 00000000000010 70
00000000101011010110 00010000001000 315
00000000010000010010 00001000000000 53
00000000101001000000 00000000000100 63
01000000001011000000 00000000001000 66
01000000000000000010 10010000000000 1579
00000000101001010010 00001000000100 340
00000101000010000000 00000000000000 3
00000001000000000110 00000010000000 799
01100000000000000000 00000000000000 454
00100000000010000110 00100100010000 6
00000100000000000000 00000000000000 2785
00001000000000000000 00000000000000 1298
00010000001001000000 00000000000100 330
00010000000000010000 00000000000000 20
10000000001000000000 00000000100000 213
00000010001001000000 00000000000100 162
00000100000000010010 00001000000000 798
00010000001000000000 00000000000000 22
00000101000000010110 00010000000000 820
00000000100001000010 00000100000010 622
00011000001001000000 00000000000100 67
10000000001000010000 01000000100000 162
01000000000000000000 00000000000000 1580
00000111000001010100 10000001001000 73
00010000001011000000 00000000001000 339
00010000000000010110 00010000000000 66
11100000001010000010 10010001000000 82
00000001000011000000 00000000000001 67
00000011000001000100 00100000010001 66
00010000000000000100 00100000000000 21
11100000000000000010 10010000000000 202
10000000001001000000 00000000000100 220
01100000000010000110 00000010010000 53
01100000000010000010 00100010010000 45
00000000010011000000 00000000000001 147
00011000001011010010 00001000001000 53
00010000000011000110 00000010000001 363
00000110000001010000 01000000100100 67
10100000001011010010 00010000001000 2
00000001000011000110 00000010000001 320
00000000101011000100 00011000001000 3
00000000010000010100 10000000000000 1
01000000000000010110 00010000000000 126
10100000000000000000 00000000000000 371
00011000001011000100 00011000001000 62
00000000011001000000 00000000000100 127
00000011000000000000 00000000000000 189
00000000100000100110 00011100000000 6
10000000000000010010 00001000000000 73
00000000100000000110 00000010000000 391
00000011000001000000 00000000010001 192
00000000100000000001 00000000000000 11
00011000000000000100 00000110000000 342
00001000000000010100 00011000000000 9
01000000001001000000 00000000000100 57
00000000100010000010 00100010010000 10
00000010000001000010 00000101001000 16
00000000100101000000 01001100000010 3
00000100001001010010 00001000000100 319
11100000000000010110 00010000000000 119
11000000000000000010 01001000000000 467
00100000000010000100 00100000010000 200
00010000000001000000 00000000000010 484
00011000000000000000 00000000000000 371
00000101001011010110 00010000001000 352
00100000000001000000 00000000000000 23
00000010000000110010 00001000000000 1
00000000100000010010 00001000000000 365
00000110000000000000 00000000000000 462
01000000000010000010 00100010010000 65
00010000001010010110 00010000001000 1
00000100000000000001 00000000000000 16
00000101000000000000 00000000000000 406
00000110000000010010 00001000000000 78
00000010000000000010 00000100000000 21
00000101000000010100 10000000000000 747
00000111000000000000 00000000000000 175
00000000011001010110 00010000000100 60
00100000000000000001 00000000000000 16
10000000000001010010 00001000000100 3
10100000001011010110 00010000001000 231
00001000001011010010 00001000001000 56
00000000111001010010 00001000000100 45
01100000000000000010 00100010000000 192
00000000100001001110 00100100010011 1
00000000100011000110 00000010000001 365
00000110001001010000 01000000000100 59
01000000000000001000 00000001001000 11
10100000000000010100 10000000000000 63
11000000001001010010 00001000000100 57
01100000000100000010 10010000000000 4
00000100000000001000 00000000000000 18
00000000010100000010 10010000000000 3
10000000001001010010 00001000000100 209
00000000010010001000 00000001001011 8
01000000001001010010 00001000000100 61
00010000000010000000 00000000000000 21
10100000001011000000 00000000001000 211
00000000110011000000 00000000000001 118
00000000101010000000 00000000000000 6
00010000001001001010 00001000000100 1
00000100001001000000 00000000000100 66
01000000000000000110 00000010000000 145
00100000000000000110 00000010000000 64
01100000000000000110 00000010000000 114
00000101001010010100 10000001000000 624
00000111000001000000 00000001001000 173
00000000110000000110 00000010000000 46
10100000000011000000 10110010001000 2
00011000001001010000 00000000000100 2
00011000000000000110 00000010000000 132
00000100000001010000 01000000000000 5
00000100000000000100 00000000000000 24
01100000000000011000 00000000000000 1
11100000000011000000 00000000001000 2
00001000000001000100 00000110000010 71
00000000010000011000 00000000000000 4
00000110001011000000 00000001100100 4
00000010000011000110 00000010000001 73
00000010000000010110 00010000000000 71
00000111001011010100 10000000001000 63
00000001000000001000 00000000000000 13
00000110001001010010 00001000000100 59
01000000001000000010 01001000100000 63
00010000000011000010 00000010000001 4
00000010000001000100 00100000010001 82
00010000000011100100 00011000000001 1
00000000110010000010 00000100000011 63
11000000000000010100 10000001000000 2
00000000111000000000 00000000000000 7
11000000000010000010 00100010000000 5
01000000000001010100 10000000001000 1
00000000101011000000 00000000001000 60
11000000000000100100 10010010000010 2
00000001000000011100 00000000000000 3
00000011000011000100 00100000000001 68
00000000110010000000 00000000000011 401
00000000011001010010 00001000000100 64
00000000010001000000 00000000000010 21
01000000001000010010 00001000100000 63
11100000000000000000 00000000000000 174
00000001000000010000 00000000000000 10
00000110000011000000 00000001001000 7
11000000001000010010 00001000100000 59
00100000000000000100 00100000000000 81
00000000010000000110 00000010000000 55
01000000000001010010 00001000000000 1
00100000000011000000 00000000000001 219
11000000001000000010 01001000100000 61
00000100000000000110 00000010000001 7
01000000000011000110 00000010000001 52
00000001001000000000 00000000000000 10
00000100001000001010 01001000100100 1
00000000100100000010 10010000000000 8
01100000001011000000 00000000000001 4
00100000000000010100 10000000000000 11
00000001000000010010 00001000000000 8
10100000001010010100 10000001000000 188
10000000000000010000 01000000000000 77
00000010000001000001 00000001001000 14
00000001000000000001 00000000000000 11
11100000001011010110 00010000001000 61
00000000110010001010 00000100000011 4
00000000111001000000 00000000000100 119
00000000010011000010 00000100000001 75
00000100001000000000 00000000100000 84
00000010000001010100 10000001001000 78
10000000000110000000 00000000000000 2
00000010000011000000 00000000000001 105
10000000001110010110 00010000000000 4
00000010001001010000 01000000000100 64
00000000100011000000 00000000000001 72
00000000110011000110 00000010000001 56
00000010001011000000 00000000001000 126
00000010000000000110 00000010000000 64
00000010001011010100 10000000001000 50
10000000000011000000 00000000000000 3
00000000010010011000 00000000010010 4
00000000100000010100 10000000000000 18
00000010000000010000 00000000000000 13
01100000000011000110 00000010000001 51
01100000000011000000 00000000000001 58
00000000010010000010 00000100000011 62
00000000010010010010 00001000010000 4
00000010000001001000 00000001001000 13
00010000000000000010 00000100000000 94
00010000001001110110 00010000000100 1
00001000000011000000 00000000000001 64
00000010001010000010 00000100011001 1
00000000110100000010 00100010000000 1
00000111000001000010 00010000010001 3
10000000001000010001 01000000100000 2
00001000001011010000 00010010001000 2
01000000000001000000 00000000000000 13
00010000000011010010 00001000001000 2
00000001000000000010 00000100000000 32
00010000001001000100 11000000000100 2
00000000010011000110 00000010000001 77
00000100000000000010 00000000000000 34
00000100000001000000 00000000000000 27
00100000000000010000 00000000000000 25
00000000100000010011 00001000000011 1
00000000110011010110 01000010000001 3
00000010001010000000 00000001000000 6
00010000000001010110 00010000001000 3
00001000000011000110 00000010000001 58
00010000000000001000 00000000000000 27
00000100001000001100 11000000101000 2
00000010001010010100 10000001000000 2
01000000001010000010 10010001000000 67
00000000100010000000 00000000000000 18
00001000001011000100 00011000001000 59
00000000010010010110 00010000001100 54
00000000010010000100 00000000000011 10
01000000001010010110 00010001000000 61
00000100000000010100 10000000000000 14
00001000001001010010 00001000000100 73
00011000000011000000 00000000000001 61
01100000001010010010 01100010110000 1
00000000010000010000 01000000000000 6
00100000000000000010 00000000000000 39
00000101001010000000 00000001000000 68
10000000001001000110 10001000000100 1
00000000110010010110 00010000001100 64
10000000000101000000 00000000000100 1
00010000000000010010 00001000000000 69
00000011001000000110 00000010001001 1
00001000000100000110 10001000000000 5
00000001001010000100 00100000010000 6
00100000000100000000 00000000000000 11
00000101000000010010 00001000000000 10
00010000001010000000 00000001000000 4
01000000001000010110 00010000001001 2
11100000000000010010 10010000000000 2
00000000101000010010 00001001001100 6
00000000100000011000 00000001001000 4
00000010000000010010 00001000000000 64
00001000001001000000 00000000000100 52
00000011000001000010 00000000010001 5
00000101000101010110 00010000000100 1
00100000000011000100 00100000010000 7
00000000011001110110 00010000000100 1
00000000110000010010 00001000000000 54
00000001000110000110 00000010000000 6
00011000001001010010 00001000000100 69
00000000100001010010 00000100000010 18
00010000000000000110 00000010000000 63
00100000000000010110 00010000000000 8
01000000000100000000 00000000000000 6
10000000000000010110 00010000001000 4
00011000000001000010 00000100000000 1
00000101001000010100 10000001000000 10
00000010000000100000 00000000000000 7
00000010000001010000 01000000100100 69
00011000000010000000 00000000000000 6
00100000000000001000 00000001001000 21
01100000000010000000 00000000000000 5
00000101000000110110 00010000000000 5
00000111001011010110 00010000001000 62
00000110001001000000 00000000000100 123
00000001000111000000 00000000000001 1
00000100001010010100 10000001000000 5
11000000000000010010 00001000000000 132
01000000001010010100 10000000000000 2
00011000000000010000 00001000000000 9
01000000000001100011 10010000000000 1
10100000000000010110 00010000000000 49
11000000000000000011 10010000000000 1
00000100000000010001 01000000000000 6
00000100000000110010 00001000000000 3
00000110000001010010 00001000100100 3
01000000001011010110 00010000001000 47
00001000001010010000 10011001000000 2
00000000100000001110 00000010000000 4
00000110000011000100 00100001101101 2
10100000001010001100 11000001000100 1
00000010001011010110 00010000001000 60
00000000101001110010 00001000001100 1
10000000000001000110 00000010000000 3
00010000001011010010 00001000000100 6
00011000000000000010 00000000000000 5
00000011000000001000 00000000000000 2
01000000001000000110 00000010000000 2
00100000001010000000 00000001000000 7
00000111000011001110 00100010010000 1
00000111000000000010 00000000000000 3
00010000001000110010 00001000000100 1
10000000000000110010 00001000000000 1
11100000001010010110 00010001000000 58
00000000010000000100 00000000000000 12
00000000110000000001 00000000000000 4
11000000001000010000 01000000100000 5
00000000010000000001 00000000000000 8
00000000110011000010 00000100000001 77
00000000111001010110 00010000000100 60
00000010000001100000 00000001001000 7
00001000000010000100 00011000000000 7
00000001000010000101 00100000010011 3
00000000100000000100 00000000000000 14
10000000000000000001 00000000000011 20
10000000000000001100 00000000010001 5
10000000000000000010 00000000000000 28
00000000110011010100 00001010000101 3
00000001000000000101 00000010000000 5
00000100001001000110 10001000000100 4
00000111001001010110 10100010001000 1
11100000001010000000 00000000001000 3
11000000001001000000 00000000000100 79
00000001000001000000 00000000000000 15
00000000100001010000 00001100000100 7
01000000001001100000 00000000000000 1
00000000010010010000 01000000000011 8
00001000001100010010 00001000000000 1
00000100000101000010 01001000000010 1
01000000000000011000 01000000000100 2
00100000001101010010 00001000000100 1
00000000100001000001 00000100000010 3
00100000000000010010 00001000000000 7
00000111000101000010 00100010001000 1
00001000001110000000 00000000000000 2
00100000000100000010 10010000000000 8
00000000111010000000 00000000001100 6
01000000000011000000 00000000000001 77
00000000010000001000 00000000000000 5
00000100000000000011 00001001011101 6
00000001000001110100 01000110100010 1
00010000000011001110 00000011001001 2
00001000001010010010 00001000001000 1
00000010000111000010 00100011011000 2
10000000001111010100 00001010000100 1
00000010000010000000 00000000000000 20
00000001000000010100 10000000000000 12
00000000100101000010 00000100000010 2
00000100001001000010 00001000000100 6
10000000000010000000 00000000000000 15
00100000000011010010 10000010000001 2
00011000001111000010 01001000000001 1
00001000000001000000 00000000000000 8
00000000110000010000 00000000000000 5
10000000000100000000 00000000000000 4
00000011000011000110 00000010000001 53
00000011000001000001 00000001001011 1
00000011000000000110 00000010000000 51
00000010000000001000 00000000000000 14
00000111000000000100 00100000000000 1
10100000000000001000 00000000001000 1
00000111000001001000 00000000010001 5
00000010001011000110 00000010000001 2
00000101000100010100 10000000000000 5
00001000000000000101 00011000000000 8
00010000000110000010 00100010000000 3
00000000100000010000 00000000000000 15
00000101001011000000 00000000001000 63
00000000011011010110 00010000001000 2
10100000000010000100 10010010010000 4
00000000100000000011 00000100000000 10
01000000000010000000 00000000000000 8
00000000100000011100 00000000000000 3
00000101000001010000 00010010000001 3
00000100000000010011 00001000000011 2
11100000000000001000 00000000000100 1
00000000100000110100 00001010000000 1
00011000001110000110 00000010000000 3
10100000001010000010 00000001001111 2
00010000000000001100 00000000000001 3
00010000000011001010 00000010000001 3
00100000000011100000 00000000000001 2
00000110000000010110 01000010000000 2
01000000001011011110 00010000001000 2
10000000000000000011 00000000000000 8
00000100001011010110 00010000001000 2
11000000001001010110 00001000000100 3
00011000000001000000 00000000000000 3
00000001000011100100 00100000010000 1
00011000000000010110 00101000000000 3
00000000110000010110 00010000001000 1
00010000001011000010 00000100001000 4
00000101001010010000 10100001010000 5
00000101000010010100 10000001100000 5
00000110000111010000 10011000000100 1
00000111000101000110 00000010000001 1
01000000000010000110 00000010010000 74
00000010000010001010 00100010010000 1
00000000100011000100 00000110000001 5
00000101001011010101 00000000001100 1
00010000001110000000 00000000000000 3
00000010000011010100 00000000001001 1
00000000101001010000 00001100000100 1
00000010001001010010 00001000000100 55
00100000000000110010 00001000000100 2
00001000000000000001 00000000000011 4
00000001000000100000 00000000000000 3
00000011001111000010 10010000000001 1
00000010001101000000 00000000000001 1
00010000000000000001 00000000000011 12
00000111000001010110 00010001001000 5
10100000000000011100 10000001001000 2
00000010001011010000 01000000001000 4
10100000001011000010 00000000000111 7
00010000000010000110 00000010000001 9
00000001000001000010 00000100000010 8
00010000000110000000 00000000001100 3
00000000101011000010 00000100001000 3
01000000000001000010 10010000000000 13
00000111000000010110 00010000000000 71
00011000000000100100 00011000000000 1
10000000001001000010 00001000000100 4
00010000001001010100 00001010000100 2
00011000000001000100 00000110000010 67
00001000000000000111 00011000000000 4
01000000000000100100 10010010000000 3
00000100000110000010 00100010000000 1
10000000000001000010 00000100000010 6
00000100000000001010 00001001001000 1
11100000001001010000 10011000000100 1
00000100000000011010 00001000000000 4
11000000001001000100 00011000000100 2
01000000000000000001 00000000000000 9
00001000001000000100 00011000000000 10
10000000000001000000 00000000000000 23
00010000001001010110 00010000001000 3
00011000001000000010 00001001011001 1
01000000000000100000 00000000000000 4
00000000100100000000 00000000000000 11
10100000000011010110 11001000001000 1
00010000001001000010 00000100000010 13
11000000001001000011 00000000001000 1
00000010001000000000 00000000000000 11
00000001001111000110 00000010000001 1
00000100001110000010 00100010000000 2
10100000000000000100 10110010000000 3
00000101001010001000 00000000001000 3
10000000001000011000 01000000000100 1
00010000000000011000 01000000100100 7
00000011001101000100 00100000010001 1
00000000101000000000 00000000000000 18
00000001000010010110 00101000010100 1
01000000000000000011 10010000000000 14
00000000100011000101 00000010001101 1
10000000001001000100 00100000010100 3
00000100001000010010 01000000100000 12
00000000110010011000 00000000000011 1
00000100000100010010 00001000000000 5
10000000000000100000 00000000000000 7
00010000001001000110 10001000000100 2
00000010000011010010 00001000000001 1
01000000001001010001 00011000000000 1
00000001001010010000 01000001000000 1
00000101000001110001 10000110001100 1
00000001001010010100 10000001000000 5
01100000001001000000 00000000000100 2
00000100001000010100 01000000100000 4
00010000001011010000 00010010000001 3
00000000010110000000 00000000000011 4
00000100000001000010 00000100000010 7
00000000010000010110 00010000000000 5
00100000000011010110 01000010000001 3
00010000000100000000 00000000000000 9
00011000000000000111 00000010000011 1
00001000000000000010 00000100000000 12
00000000101010011110 00010000001001 1
00000010000000011000 00000000100100 3
00000101000010010000 10100000010000 2
00000100001001000100 00011000001100 2
00011000000000000101 00011000000011 2
00000100000010010010 00001000000000 7
00000001000010000110 00000010000000 10
01000000001111010100 00001010000001 1
01000000000111000000 00000000000100 1
00000011000011001000 00000000000001 2
10000000001001010110 00101000000100 2
00010000001000010000 01000000100000 4
00000001001011000110 00000010000001 6
00000000100001100110 00011100000010 3
10000000001000000100 00000000100001 1
00001000000000001110 00000010000000 1
00000101001100010100 01011000100000 2
00000000110010000011 00000000001111 3
00000100000000110110 00010000000000 3
00000000010100000000 00000000000000 6
00000011000010000100 00100000010000 1
00000111000110000110 00000010000000 1
00000111000010000100 00100000010000 1
00000010000100010110 00010001000000 1
00000000011010010000 01000000100011 1
01000000001100000000 11011000100000 2
00000010000000000001 00000000000000 14
00000001001000010000 10100001010000 1
00000000110001000000 00000000000010 6
00000000011011000000 00000000000111 6
00000001000000000011 00000000000100 3
00001000001010010100 10000001000000 2
00000000100111000000 00000000000001 3
00000001000011001110 00000011001001 5
00000001000010100110 00000010000001 1
00100000001100000010 01001000100000 4
00100000001000000000 00000000000000 16
00000001001000000100 00100000000000 3
10000000000001010110 00010000001000 1
00000101000000000010 10010000000000 7
01000000000000100110 00100100000000 4
00000111001010010110 00010001000000 3
00000001001011010000 01000000001000 1
00000000101110000010 10010000000000 2
00010000000001010100 10000000000010 6
10100000000000100000 00000000000000 1
00000000110001010110 00010000100100 1
00000001000000100100 00011000000000 11
00000101000001000010 10010001001000 2
00000000110000000100 00100000000000 4
00100000001001000000 10110010000100 2
00000010000000000100 00000000000000 12
00000101000011000110 00000010000001 1
01000000000000010000 10011000000000 9
00000110001000010000 01000000000100 1
00000000100001000011 00000100000010 4
00000000011010000000 00000000000011 6
00000000101000010110 00010000001001 1
01000000000000001010 10010001001000 15
00010000000011010110 00000010000001 4
00000100000110010000 01000000100000 2
00010000000011011000 00000000000001 2
00000000100101010100 00010100001000 2
00000001000000001100 00100001001000 8
11000000000000000001 00000000001100 2
00000001000010100000 00111000010000 1
00000011000000010100 10000000000000 1
00100000000001100000 00000000000000 3
10000000001011010100 00110010001000 1
00010000001001010000 01000000100100 5
10100000001010011100 10000001000000 2
00011000000011010010 00001000001000 2
10000000000100000010 10010000000000 9
10000000000100000110 01010000000000 3
00000011001011000000 00000000001000 1
00000000100000001000 00000000000000 15
01000000000000000100 00000000000000 10
00001000000000010001 00000001101100 1
00000110001010000000 00000001000000 1
10000000001100000000 10110010000000 1
00000000100001100010 00000100000010 3
00000001000010010100 01100000110000 2
00000000010001000010 00000100000010 2
00000111001011011110 00010000001000 1
01000000001010000000 10110010000000 4
00000111001001010100 00001010000100 1
00010000000000001010 00000010000001 4
01000000000010100000 00000000000001 1
00100000000010001100 00100000010000 2
00010000000111000010 00100010000001 1
00000100001010010010 10000011000000 5
01000000001001000001 00000000000100 1
00011000000001001100 00000110000010 1
00000100000010000000 00000000000000 15
00000101000000011100 10000001001000 5
00000001000100000000 00000000000000 6
00001000000000100100 00011000000000 5
01000000000001100000 00000000000000 2
01000000000000001001 10010000001100 1
00011000001000010000 11011000000000 2
00000000110000110010 00001000000000 1
10100000001010010000 10000001000000 4
00000011000001010100 10000000100100 1
00000111001011000110 00010000001000 1
00000100000000100100 00011000000000 5
00011000001101000110 10001000001000 1
00011000000000001000 00000001001000 4
00000101001100000110 10001000100000 1
00100000000000100100 00011000000000 5
01000000000101010010 00001000000001 2
11100000001100000010 01001000000000 1
01100000000010100000 00000000000011 1
00000100001000000010 01001000100000 3
01100000001010010110 00010001000000 2
11100000001011010111 00010000001011 1
00000111000011000000 00000000001000 2
00000010000101000010 10010001001000 5
00000000011000010000 01000000000000 1
11100000001011010100 00001010100001 3
00000000010110000110 00000010000011 2
00000101000011010110 00010000001000 5
00000000010000000010 00001000000000 9
01100000000111000100 10010010000001 1
00000000110000000010 00000100000000 8
00100000000000000011 00000000001100 9
00000000100000010111 00010000000011 4
11000000000000000100 00000000000000 2
00000000101110010110 00010000000000 1
00000001000011000010 00000010000001 1
00010000000001000001 00000000000010 6
00001000000000010110 00010000000000 6
00010000000100000010 10010000000000 7
01100000000001000110 00000010000001 2
00000000110010000100 00000000001100 8
00000011000000010010 00001000000000 4
00000001000001100000 00000000000000 1
10000000000001100110 00000010000001 3
10000000000000000100 00000000000000 17
11000000000000010000 00011000001000 2
00000111000000010100 10000000000000 2
00010000000001000110 00000010000001 7
00000000010010100100 00011000000011 4
00010000000101000100 00100000000001 2
00001000000001100100 00011000000000 3
00000000010110000010 10010000000011 4
00000010000001100110 00000010000000 2
00000010001001000010 00000100000100 2
00000001000100000110 10110000000000 2
10100000000000010111 00010000000000 1
00000001000000010110 00010000000000 11
01100000000000100000 00000000000000 1
00000000100101010110 00010001001000 1
00000111000000001010 00001000000000 1
10000000000000100100 00011000000000 7
00000101001010011100 10000000001000 3
00000000101001010110 00001000000100 3
00000100001110000110 01010000000000 1
01000000001000000000 00000000000000 7
11000000001001001000 00000001001100 1
10000000001010010110 00010000000000 2
00011000000000001100 00011000000000 5
00000111001010010100 10000001000000 2
00000000101000000010 00000100000110 4
00000011000001001000 00000000010001 1
00000101001010010010 10000011000001 2
00010000001110000010 10010000000000 4
10100000001001000000 00000000001000 2
00000001000001000100 00100000000000 4
00000000110000001000 00000001001000 3
00000011001000000000 00000000000000 4
00000101001011010100 10000001001000 4
11000000000000010110 00010000000000 3
00000000101001000010 00000100000100 3
00010000001000010010 10000011000001 2
00000001000011010010 10000010000001 2
00000001000011010000 01000000100001 1
00001000000000001000 00000000000000 9
00000100001000001000 01000000100000 3
10000000000010010000 01000000100000 1
00100000001100010010 10111010100000 1
00100000000000100000 00000000000000 8
00000010000001011000 01000001101100 4
01000000000011000101 00000000000001 1
00000100001001010000 01000000100000 6
00000011001001010010 00001000000100 1
10000000000000011000 00000000100100 4
00000000100010000100 00100000010000 2
00000000101010010100 00010100001010 3
10000000000001000100 00000000000000 1
00000010001111010000 00010010011000 1
00011000000000011000 10011001001000 1
00100000001110010110 00101000010000 1
00000010001000010110 00010000001001 1
11000000001000000100 01001010100000 2
00000101000010010110 00010000000000 6
00000010000101000000 00000001001000 4
00000001000010010000 10100000010000 1
00000000101011000110 01010000101000 2
00000100000010000100 00100000010000 3
01000000000010000101 00010010000101 1
01000000000000110010 00001000000000 1
10100000000100010000 00000000000000 1
00000000100010010010 00001000010000 2
00000001000000100010 00100010000010 2
00000001000010100100 00100000010000 1
00010000001011000110 00000010000001 4
00000000010101100100 00000110000001 1
10000000001001010011 00001000000100 3
00000000010011001000 00000001001001 2
00011000000000011100 00000001001000 1
00010000001101010000 10011000000100 2
00000101001101010000 00010010011000 1
00000101000001010100 10000000000000 8
00000101000001010110 00010000000010 4
00100000000010000010 00000000010000 2
00000000111011000000 00000000001000 2
00000000011001010100 00010000000100 2
00010000001100000110 00000010000000 1
11000000000001100100 10010010000000 2
00000000111000010100 10000001000011 1
00000000101010000010 00000100001010 6
01000000000001000100 10010010000001 1
00000000011000000000 00000000000000 12
00001000000000110010 00001000000000 1
00000011000010000110 00000010000000 5
00000000101000000110 00000010100000 3
00000000100000100000 00000000000000 6
00000110000001110000 01000000100100 1
00000010000001001100 00100000011001 1
00000000110010010000 01000000100011 1
00000111000000110010 00001001000000 1
00000000010001000110 00000010000010 2
00010000000001001000 00000000000010 4
00000010001010010110 00010001000000 1
00000100001011000000 00000000001000 5
01000000000000011110 00001000010001 4
00010000000011000100 00000001011000 4
00000110000101000000 00000000100100 1
00001000000001010100 00011000000010 2
00000000101011010111 00010000001011 1
00000001000000011010 00001000000000 3
00000000100000000111 00000010000011 1
00000101001010010110 00010000001010 9
01100000000000001000 00000001001000 3
00000010001011000010 00000000001000 2
00000101000000010111 00010000000011 3
00011000000111000100 00100000000010 1
11000000001010010010 00001000100000 2
00000010000011000001 00000000000010 2
11000000001000001010 01001000100000 1
01000000000000010101 00010100000011 1
01000000001100010010 00001000000000 3
00000000101100010010 00001000000000 1
00000000010011010000 01000000100001 1
00000010000100000000 00000000000000 3
00000000100000100100 00000110000000 2
00000101001011000110 00010000001000 4
00000101000000000110 00000010000000 4
00001000000000100000 00000000000000 5
00000000100110000010 00000100000000 1
00000000011011000010 11011100000001 1
00100000000010000001 00001000010000 2
00000101000011010000 00010010000001 1
00000000100001010110 00010001001000 5
00001000001000010000 01000000000000 1
00001000001000000110 00000010100000 2
01100000000001100110 00000010000010 2
00100000000100001010 00000010010001 1
00011000001010010010 00010110001000 1
00001000000000001100 00011001001000 3
00000100000011000000 00000000000001 4
00100000001010010100 10000001000000 5
00000000010010100000 00000000000011 4
00001000000000010000 00000000000000 6
01000000000010000011 00100110010011 1
10000000000000001000 00000000000000 10
00000000100001001010 00000100000010 2
00000010000001100100 00011001001000 4
00000010001001010100 10000000001000 4
11100000000000000001 00000000000011 1
00000111001000010110 00010000001001 1
00000101000111010100 01011000001000 1
00000100000100010000 01000000000000 5
00000001000000000111 00000010000000 5
00000000110000001110 00000011001000 1
10000000001101010000 00101010000100 2
01000000001000110010 00001000100000 1
00100000001001010010 00001000000100 1
11100000000000010100 00010010000000 3
11100000001010000011 10010001000000 2
11000000001001000010 01001000000100 3
00000000100011001110 00000011001001 2
00011000001011001100 00011001000000 1
00000000011001110010 00001000000100 1
10000000000100010110 00010000000000 1
00010000000000100000 00000000000000 3
00100000001000010000 01000000100000 2
00000000011100000000 00000000000011 1
00000110001010010010 00001000000101 1
00000000011000010110 00010001001100 2
00000010001000000110 00000010000000 1
00000000011010011000 01000000100011 1
00100000001101000100 10010010000001 1
01000000001000010000 00001000100000 2
00000010000000100010 00011010000000 1
00010000000000000011 00010000000100 3
00000011001111000000 00000000000001 1
00010000000001100010 00000100000010 1
00010000000000011100 00011111001000 1
00000100001010010000 01000000100000 5
00000000100010000110 00000010000000 6
01100000000010000011 00100010010011 2
00000001001010000000 00000001000000 4
00000000100000011010 00001000000000 5
00000000010010010100 10000000000011 5
11000000000000011010 00001000000000 3
00011000001001001100 00000000000100 2
00000000101011110000 00010010001000 1
00010000000000100100 00011000000000 7
00100000000000001100 00100001001000 3
00000010000111000110 00000010000001 1
00000110001001000100 11000001000100 1
00000100000100000010 10010000000000 7
10100000001011010100 00010000001000 3
00000010000100000110 00000010000000 1
00010000001011011110 00010001000000 2
00000000010000100100 00011000000000 4
11000000000011000110 00000010000001 2
00000010000000100100 00011000000000 5
10100000001000000000 00000001000000 4
00000010001011001000 00000001000000 3
00000010000001010011 01000000100000 1
00100000001010010110 00010000000000 1
00000000100011000010 00000100000010 5
00000111000010000000 00000001001010 2
11100000000000100100 00000110000000 1
11000000000001000000 00000000000000 3
00000010000101010010 00001001001000 1
00000001000011010100 10000000000001 1
00100000001111000000 00000000001000 1
11100000001011010010 00110000001000 2
00000111001011000010 10010000001000 2
10000000000000010100 10000001000000 8
00000001001001000000 00000000000100 4
00001000000000000011 00000000000000 6
00000000110000000111 00000010000000 1
00000000100011010010 00001000000001 5
00010000001001011110 00001001001100 1
00000111001110000000 00000001000000 1
00010000000000010100 10000001000000 9
00000001000011000101 00000010001101 2
00000000010111010100 10000000010100 1
00011000000000100000 00011110000000 2
00000101000000000100 00100000000000 6
00000011000001010110 00010001001000 3
01000000001011010010 00010000001000 1
00100000001100000110 00000010001001 1
00000000010010000011 00000000000010 2
00100000001100000000 00000000000000 2
00000000100000110110 00010000000000 1
00001000000000011100 00000001001000 3
00100000001011000000 00000000000001 3
00000010000001000011 00000001001100 2
00000100001111010010 00001000001000 1
00000101000000010000 10000000000000 9
11000000001001011010 00001000000100 1
00100000000001010010 00001000000100 2
00000000100001000100 00011000001000 3
00000100001100000010 01001000000000 3
01000000000000100010 10010000000000 1
00001000000010000000 00000000000000 8
00000000100110000110 00000010000000 3
00010000000001011010 00000100000110 1
01000000000011000010 00100010010000 2
00100000000010010100 10000000010000 3
00000000101011010010 00001000000100 3
00000000101101010000 00001100000100 2
00010000000001000011 00000100000010 3
00000000100000001100 00000001000111 1
10000000001001011000 00000000000000 1
00010000000000100010 00000100000010 1
01000000000001100010 10010000000100 1
00001000000100000010 00100010000000 4
10000000001010000000 00000001000000 4
00000100001011000100 00011000001000 1
00000001000010011100 00100000110100 2
00000000101011010101 00010000001100 2
11000000000100000010 00100010000000 1
00010000001011100000 00000000001000 1
00010000000110000110 00000010000000 1
00000001001001001000 00001010000100 1
10000000000000001010 11001000000000 1
00000000010110000100 10010010000000 1
00000000010101010010 00001000000001 1
00001000000000011000 01000000100100 3
01000000000011010010 00111100010000 1
00000111001010000000 00000000001100 1
00000001001100100010 01001000100000 1
01100000000011010000 00010010000001 1
00000111000001110000 10011001001000 1
00010000001011000100 00000000001000 4
00000100001011010010 00001000000100 4
00000100001101010010 00001000000100 2
01000000000000010100 10000000000000 10
00000110001001010100 01000000000100 1
01000000000001011110 00101000011001 1
00000010001001001000 00000000000100 1
00000000010001100000 00000000000000 2
00001000000110000100 00011000000000 1
01100000001011010110 00010000001000 1
10000000000000000110 00000010000000 6
00000010001110010110 00010001000000 2
00000110000000001000 00000001001000 3
01100000000110000010 00100010010000 1
10100000000010000000 00000001000000 4
00010000000001100110 00011100000000 1
01100000000011000111 00000010000001 1
00000110000000000110 00000010000000 3
00000110000110000010 10010000000000 1
11000000000000011110 00101000000001 2
00010000001001001000 00000000000100 3
00100000000001100110 10110000000010 2
00000000111001000010 00000100000100 3
01100000000000010110 00010000001000 2
00010000001000110100 00001010000100 1
00000011001000010000 00010010001001 1
00000101001001010010 00001000000100 2
00001000000010010010 00001000000000 2
00000101001101000100 00011000000100 1
00000000101010010110 00010000001000 3
00000101001011110100 10000001000000 1
00010000001010010100 10000001000000 6
00100000000100000110 00000010010000 1
00000010001110000010 00100010000000 2
00000110001001010001 01000000000100 1
00000100001001010011 00001000000100 2
00000010001000010010 00001001001100 3
00000101001010000010 10010001000000 1
00000001000010000010 00100010010001 2
00000001000100000010 10010000000000 4
00000001001110000100 00100000000000 1
10000000001000000110 00000010100000 1
00000010000001000110 10110000000001 2
11000000000001010010 00001000100100 2
00000000100011010110 00010000001000 3
00000000011100010010 00101000000000 1
01000000001100010000 10011000100000 1
00000000100001011010 00000100000010 1
00000000100010010110 00010000000000 3
00000110001001011010 00001000000100 1
00100000001110000110 10110000010000 1
00010000000001110010 00001000001000 2
00100000001011000110 11011010000001 1
00000000100001110100 00001010001000 1
10100000001011001000 00000000001000 1
00010000000011010000 01000000000001 1
00000101000101010000 00010010000001 1
00000000010000001010 00000000010001 2
00000100001000010001 01000000100000 2
00000100000000011000 00011000000000 4
11000000000101010010 00001000100100 1
01000000001001000010 00001000000100 1
00000110000010000000 00000000000000 2
01000000000011100010 00011010000001 1
10100000001010010110 00010000001010 4
00000101000000110000 10011000000000 4
10100000001010010101 10000001000000 1
11000000000001000010 01001000000000 2
11100000000010010100 00110010010000 1
10100000000010010100 10000001000000 1
11100000000000010000 00000000000000 2
00100000000001100100 00011000000000 1
00000110000011000101 01010000101011 1
01000000000010000100 00100000010000 1
00001000000100000100 00011000000000 3
00010000000001100100 00011000000010 3
00000110001000000000 00000000100000 2
00000001001110000110 10110000000000 2
00001000000001010010 00001000001000 1
00001000001000000000 00000000000000 7
00000000110011010010 00000100000001 3
00000100000011000110 00000010000001 3
11000000000000000110 01001000000000 3
00000100001001010110 01000010100001 2
00010000001101000000 00000000001000 3
00000100000000010110 00001000000000 8
00010000001001011000 00000000100000 2
00000100001100000110 00000010000101 1
00000000110001100000 00000000000100 1
00100000000011010000 00000001101101 2
00000001001011010110 00010000001000 3
00000011000001010000 00000000010001 4
00000111000001000001 00000101001011 1
00000110000101000010 10010001001000 2
00000010000011100010 00011010000001 3
00000010000000011110 00010000101100 2
10000000001011010110 00010000001000 2
00000101001111010110 00010000001000 3
00000101000000011110 00010000000000 4
10000000000110010000 01000000000000 1
00000101000001000000 00000001011001 1
00000000110001000110 00000010000010 2
00000111001111000010 10010000001000 1
11100000000000000110 00000010000000 3
00100000000110000000 00000000000000 4
00100000000000100110 10110000000000 1
00000000100011010000 11001010000001 2
10000000000000011010 00001000000000 1
10100000000100010110 00010000000000 2
00000000010011110000 00010010000011 1
00011000001001010100 10110010001100 1
00000101001010000100 11000001000000 2
00000101000001110110 00010000000000 2
00100000000010011000 00000000010000 1
00000000010010000001 00000000000000 7
00100000000001000100 00000000000010 1
00000110000001010001 01000000100111 1
00000000110010010100 10000001000011 5
00010000001010100000 00000000000101 1
00000000010000110110 00010000000000 1
01000000000000011010 00100010100110 3
00000010000011000010 00001000000101 2
00100000000001000010 00000100000010 3
01100000000001000000 00000000000000 1
00100000000011000010 00000100000001 3
01000000001100010100 01011000000000 1
00000001000001010010 00001001011101 3
01100000000000011110 00010000001000 1
00000110000001100100 00000110000000 1
11100000000010000010 01001000010000 3
10000000001100000010 01001000100000 3
11100000001111000010 10010000001000 1
10100000000100000000 00000000000000 1
00000001000000011000 00000000010001 4
10000000000011010000 01000000101000 1
00000001001010000110 00000011000000 2
00000100000000001100 00000000010001 4
00001000000101000110 10010110000010 1
00000110000000000010 00000010000001 3
01000000000100000010 10010000000000 4
00000001000011000100 00100000010000 10
10000000000010000100 00100000010000 2
10000000001001010000 00001010000101 6
11100000001000000010 01001000100000 3
10000000000000011100 00000000000000 3
00000000011100000010 01001000000000 1
00010000000011000001 00000000000010 1
00000111000110000010 00100010000000 1
10000000001010010100 10000001000000 2
00000000101110000000 10010101000010 1
00000010000011110010 00001000000101 1
00000000100001100000 00000000000000 1
00000001000001000110 00000010000000 11
00000000110011100100 00100000000001 1
00011000001001000110 10001000000100 1
00000111000001010101 10000001001000 1
00010000001001000001 00000000000111 2
00000000111111000000 01001100000001 2
00000110000001000010 00000100000010 5
00100000000010010010 00001000001100 1
11000000001000011010 01001000000100 2
00000010000000100110 00000010000001 2
00000101001100010110 00010000000000 1
00010000000001001010 00000100000010 1
01100000000101010100 00001010000100 1
00000000011101010110 00010000000100 1
00000011000000000010 00000101001010 2
00000010000010000100 00100000010000 5
11100000000001000000 00000000000000 2
00010000001111000000 00011110001000 2
01100000001011000110 00000010001000 1
00000001000101000110 00000010000001 1
00000101001111000010 10010000001000 1
11100000001010001100 10010011000001 1
00000101001011000001 00000000000100 1
00000000011101000010 01001000000100 1
00000111001011010000 10000000001000 3
01100000001000000010 00100010000000 4
00000010000000010100 10000000000000 10
01000000000000010011 00001000000000 1
00010000001001010011 00001000000111 4
11100000000010010110 00010000000000 1
00100000000000001010 00010000001000 3
00000000011001000010 00000000000100 3
00010000000011010100 10000000000001 4
00000101000000001100 10000000100100 2
00000100001011010000 01000000100001 2
00000000010011000100 00000010000001 1
01000000001010000100 00011001000000 1
00000101000100010110 11001000000000 1
00000000101001010011 00001001000111 1
00000101001011001010 00010001000000 1
00000001001001000110 10001000000100 2
00000010001010000110 00000010000000 1
00000101001011010111 00010000001001 2
00000000111011010010 00001000000111 1
00010000000001110100 00001010000000 2
00000110001011010100 10000001100100 1
00011000001111000000 00000000000001 1
11000000001010000001 00100001000000 1
00000110001100000000 00000000000000 1
00000011000001000110 00000010010001 2
00000000010011000011 00001000000001 3
00011000000000000001 00000000000000 2
00010000000010000100 00100000010000 5
00000000010000000011 00000000000011 2
00000110000001001000 01000000000000 1
00100000000010110010 00001000000001 1
00000100000000011110 00010000000000 1
00001000001000000010 00000100000110 1
00000010000001011100 10000001001000 3
00000100000010010000 01000000000000 3
00000000010111000000 00000000001000 2
00000010000000011100 00000000000000 2
10000000000000010011 00001000000011 1
00000000010000100000 00000000000000 4
00010000001101010010 00001000000100 1
00000000101011001010 00010000001000 1
11100000001011110110 00010000001000 1
10000000001011011110 11001000001000 1
00000100001001000011 00000000001000 1
00000100000001010010 00001000000100 3
00011000001000000100 00000110000000 3
00000010000101010110 00010001100100 2
00000101001000010110 00010000000000 6
00000000101000010100 00001010000101 1
00000000100000000101 00000010000001 1
00010000000001010000 00000000000000 3
01100000000011000100 10010010000001 1
00000000111101010100 10000000000100 1
10100000000000000001 00000000000000 1
00000101001110010100 10000001000000 1
00000010000001011010 00001001001000 1
00000000011001001000 00000000000100 2
01000000001100010110 00010000000000 1
01000000001001010110 00001110001000 1
00000110001010010110 00010001000000 1
10100000000001010110 00010000001000 2
00000100000001000110 00100011101101 1
00000001000000001110 00000010000000 5
00000001000100010110 00010001000000 1
00000111001001010000 01000000000100 1
10000000000111010010 00001000000100 1
00000101000000001010 10010000001000 1
00000000010010011110 00010000001100 2
01000000000000001100 10010010000001 3
10000000001001001010 00001000000000 2
00010000000101000010 10010000000010 1
00000101000000100000 00000001011001 1
00000101000000010101 10000000000011 6
00000000010110010110 00010000000011 2
11100000001011000110 01010000101000 1
00010000001000100110 00000010000101 2
01000000001111000000 00000000001010 1
00000010000010010010 00001000000000 1
01000000001001010000 00000001000100 2
00000000110010000001 00000000001111 3
00000000101001000100 00000000000100 1
00001000000011001000 00000000000001 1
01100000000001000010 00000100000010 1
11000000001011000000 00000000001000 1
00000110000001111000 00000000010101 1
00011000000001010110 00001110000100 2
01100000000000001110 00000011001000 2
10100000001110000000 00000000000000 1
11000000000000010011 00001000000011 2
00010000001000000010 11000110000000 1
00000101001010110100 10000001000000 1
00000101000011000100 11000001000000 1
00011000001111010110 11001000001000 1
00000101000000001110 10110000010001 1
00000000101111010110 00010000001000 2
00000000111010000110 01010000101100 1
00000000011001010000 00000000000100 2
11000000001000010100 00001010000101 1
00000000111000010010 00001000000000 2
10000000001110000010 10010000000000 1
00000100001001110100 00001010000110 1
10100000000000010000 01000000100000 2
00000011001101000110 10110000010001 1
00000110000001011000 01000001101100 1
00000001001000000110 00000010000000 6
10100000000111010100 10000000001000 1
00000100001000000100 11000000100000 4
00000000010000110100 01011000000000 2
10100000000001000010 00000100000010 1
00100000000110000110 10110000010000 1
00000000010011010010 00001000000111 2
00000011000100000000 00000000000000 2
00000111000000100110 00000011001001 1
00000101000000100110 10001000000100 1
00000100000111010000 01000000000001 1
00000111000000000001 00000000000011 1
00011000001000010010 00001000000000 3
00000010000000001100 00000000010001 3
00000000111001010111 00010000001011 1
00000101000111000010 10010000001000 1
00000000100000011110 00010000001000 3
01000000001110000000 11011000010000 1
10100000001111010110 00010000001000 1
00000000100000001010 00000101001000 7
00011000000000100110 00000010000000 1
10100000001010010010 10000011000000 2
00000110000010000110 01010000001100 1
10000000000011000110 00000010000001 1
00000010000001100001 00000001001011 1
01100000001010010000 00101010010000 1
00000101000101000010 10010000001000 1
00000000100000010101 00010000001100 1
00001000000011000100 00011110000001 2
01000000000001100110 00000010000000 1
00000000010101000000 10010100000001 1
00000110000000011000 00000000000000 1
00011000000000001010 00000010000000 1
10000000001001000011 00000000000000 1
00000100001010000000 00000001000000 2
00000100001000010011 01000000100011 2
00100000000011010100 00000000000001 1
11100000000000001010 10110000000001 1
00000000010000100110 00000010000000 1
00010000001110010110 00010000000000 4
00000010000000000011 00000010000001 1
00000110000001000100 00100000100100 2
00001000001001001000 00000001101000 1
01100000000010010000 00010010001001 1
00100000001011010110 00010000001000 1
00000000100111000100 10010011000001 1
00000000010010000110 00000010000011 5
00000001001011000100 00100000010100 1
01000000000010001010 00100010000000 1
00000000101011000001 00000000001000 1
00000011000000000011 00000000001100 1
00000100000001100000 00000001101100 3
00010000000110010000 00101010000000 1
00000000101001100000 00000000000100 1
00011000001010000000 00000001000000 2
00000011000000000001 00000000000011 2
10000000001101010010 00001000000100 1
00000001000000100110 00000010000000 1
00000101000011010010 10000010000001 1
00000010000000011010 00001000000100 2
10000000001110010100 00000001000000 1
00000101000110000000 00000000000000 2
00000011001000000100 00100000010000 1
00000000101011010100 00010000001000 1
00000000101010000110 00000011000000 2
00010000000011100000 00000000000000 1
00000001001011000000 00000000001000 3
11000000001000010011 00001000100000 2
00000000011110000010 10010000000000 2
00001000001010000110 00000010000101 1
00010000001101010011 00001000000111 1
00000101001010110000 10000111000010 1
01100000001010000010 00100010010000 1
00000001000010110100 00001010000001 1
00000100001000011010 01010000101000 2
01100000000010000001 00100010010011 1
01100000000010010110 00000010010000 1
00000000011111010010 00001000000110 1
00000100001100010000 01000000000000 1
10100000001100010010 11010000100000 1
01100000001110000100 10010010000000 1
00000111000001010000 10000001001000 1
00000101000000001000 00000000000000 2
01000000001001010100 00001010100000 2
00000111000011010000 00010010000001 1
10100000000001000000 00000000000000 2
01000000000111010010 00001000000100 1
00000000110011000011 00000100000001 1
00000000101000110010 00001000000100 1
00000000110000011010 00001001001000 1
00000110000000100000 00000000000100 1
01000000001101010000 10011000000100 1
00000010001111010110 00010000001000 1
00000111001000000000 00000000100000 1
00000010001001011010 00001000000100 1
00000110000101010000 01000000100100 1
00010000000111000110 00000010000001 1
10100000000100000010 10010000000000 1
01000000000000001110 00000010100101 1
00000000100100000110 00000010000000 2
00000001000100000100 00100000000000 2
00000100000010001000 00000001001000 1
00010000000000011010 00001000000000 3
11100000001011011100 10000000000000 1
00000100001001100010 01001000100000 1
11100000001011110010 00001000001000 1
11100000001111010100 10000000001000 1
00000100000001010110 00001001011101 1
01000000000010010110 00010001000000 1
00000000110010000110 00000010000011 2
00001000000001000101 00000110000001 1
00000101000010000100 00100001010000 2
10100000001001010010 10111010000100 1
10100000001011010000 00010010001001 1
00000101000000000011 00000001011001 1
00000110000100010110 00010001000000 1
00010000000011001000 00100000010000 3
00100000000010000101 00100000010011 1
00000001001100010010 00001000000000 2
00000001000110000100 00100000010000 2
00001000000001100000 00000000000001 1
10000000001000010010 01000000100000 2
10100000001010100100 00011001000000 1
00010000001100010100 00001010000000 1
10100000000000000010 10010000000000 3
10000000000101010110 00010000001000 1
00100000000011000001 00000000000010 1
00000000010010001110 00010000101000 1
10000000001001011110 00001000010101 1
00000110000001000011 00000011001000 1
01100000000100000000 00000000000000 1
11000000001000100000 00000000000101 1
00100000000001010110 10100010001000 2
00000101001000010000 01000000100000 1
00000110000000000100 00000001011001 1
00000011000000000100 00100000000000 3
00010000001011110010 00001000000000 1
00000000101111010100 00001010010100 2
01000000001011010100 10000000001000 1
00010000001101000010 01001000000100 1
00001000000001100010 00011010000000 1
00001000000100000000 00000000000000 3
00011000001011010000 00001100001000 3
00000000011000000110 00000010000101 1
01000000000001100100 00000110000010 2
00000101000001100100 00011000001000 1
00000100000010010100 01100000000000 1
10000000001011010000 01000000001000 1
00000011000110000110 00000010000000 1
00000100000000001110 00001000001000 1
00000100000110000110 00000011101100 2
00000111001010001000 00000001000000 1
01000000001010010010 00010001000000 2
00000000100100010000 10011000000000 4
00000000100000100010 00000100000011 1
00000000110000010100 00001010000000 1
00000010000001010110 00010001001000 1
00000111001011001000 00000001000000 2
00000100000010010110 00101000000000 1
00000011000011000001 00000000000001 2
10000000001000000010 00000000100000 1
01100000000000000001 00000000000011 6
00000000100001110010 00001000000000 1
00000011000010000000 00000001001001 1
00000000010011100000 00000000000011 2
01100000000000010011 00100010100000 2
00010000001100000010 01001000000000 2
00001000000000011010 00001001001000 2
10100000000111000010 01001000001000 1
00010000000111000100 10010010000001 2
00000001001010000011 10110010010100 1
00000000101110000100 10010010000101 1
10100000001011100100 00011001001000 1
00000011001001000100 00100000011000 1
00100000000000011000 00000000100100 2
00001000001110000110 10001001000000 1
10000000000010010010 00110000010000 1
11000000001000000000 01001010100000 1
00010000000011011100 00000000000001 2
00010000001010110110 00010000001000 1
00000001000000110010 00001000000000 1
00000101001010010101 10000001000001 2
10000000000101000110 00000010000001 1
01100000000011000010 10010000000001 1
00011000001011000110 00000010001000 2
00000000010011000001 00000000000001 1
00000010000101010100 10000000001000 1
00000111000011010110 00010000001000 1
00000000100101010000 10011000000100 1
00001000001000010010 00001000000100 2
11100000001010011110 00010001000000 1
01000000000001010110 00010000001000 1
00000000100011000001 00000100000010 1
00010000000101010000 00001100000010 1
00000000111100010110 00000010000000 1
11000000001001010000 01000000000100 2
00100000000010011100 00000001011000 1
11100000001011010000 00010010001000 1
00000010000111010110 00101000000001 1
01000000001100000010 10010000000000 1
00001000000011000010 00010000001001 1
00000110001110010110 00010000000000 1
01000000000110000000 10110010010000 1
00000110000000100100 00011000000000 1
00000011000011010100 00100000000001 1
01100000001001010010 10000011000001 1
00001000001011000000 00000000001000 1
00000110001101010000 01000000010001 1
01000000001011000010 00000100001000 1
00000110000001010100 10000000100100 1
00000100000000110100 01011000000000 1
00000100000011010010 10000010000001 2
00000001000010000001 00000000010011 1
00000100001110010000 10011001000000 1
00001000001011010110 00101000001000 1
00000100000000011100 00000000010001 2
00001000001011010100 00011000001000 1
00000100001001110010 00001000000100 1
00010000000001010010 00001000000100 1
00000010000001110010 00001000000000 1
00010000001001010101 10010001001101 1
00010000000011000111 00000010000001 1
00010000001000001000 00000000101000 1
01100000000010000100 00100000010000 1
00000001000011000111 00000010000010 4
00100000000000011100 00000000000000 3
01100000000000000100 00000000000000 2
00100000001111000010 10010000000001 1
11100000001000010110 00010001000000 1
10100000001010000100 00000001000000 2
00000000010010001100 00000000000011 2
00000001001011010100 10000001000010 1
00000101001011100110 10001001000000 1
00010000001011010101 00011000001000 1
00000111000100000000 00000000000000 1
10000000001101000110 00000010000100 1
10100000001011000110 00000010001000 1
00000101001010010111 10000011000000 1
00001000000110000010 00000100000010 1
00001000000100010010 00001000000000 1
01000000000111010100 10000000001000 1
10100000001000010000 01000000100000 1
00000100001000011000 01100000100001 1
00000000101111010010 00001000000100 1
00010000000001000100 00000110000001 3
01100000000010110010 00001000001001 1
00100000000100010110 00010001000000 2
10000000001010010000 01000000100000 1
01100000000011010010 10000010000001 1
00011000000001100000 00000000000000 1
00000000011001011010 00001001001100 1
00000111000111000000 00000000010001 1
00000000101000010000 00001100000110 4
11000000000000001010 10010000000000 2
00000010001011010010 00010000011000 1
01000000000101010100 01011000001000 1
10100000001010000110 00000011000000 1
01000000000100010100 10000000000000 1
00011000000100010010 10111010000000 1
11000000001010000010 10010001000000 1
00010000001001001110 00001000001100 1
00010000000001011100 00000000000010 1
10100000000110000110 10110000000000 1
00000001001100000010 10010000000000 1
00000000011010011010 00001000100011 1
00011000000000010100 00001010000100 2
00000000010011010110 00010000001100 1
00001000000101010100 00001010000100 1
00000111000000100000 00000000000000 2
00000011000000000111 00000010000000 1
01000000001011000001 00000000001000 1
00000000111011010000 01000000100001 1
00010000000001100000 00000000000000 1
00000101001011000010 10010000001000 1
10000000001000000011 00000000100011 1
00000000011000100000 00000000000100 1
10000000001000010100 10000000100000 1
00000110000010010010 00001000000000 2
00001000000001000111 00000010000010 1
00001000000001010000 00001100000010 1
00000000010010100110 00000010000011 1
00000011000000010000 01000000000000 2
00000110001101010010 11010000000100 1
00000111000001100100 00011000000100 1
00000101001011000100 00000000001000 2
10000000000101010000 10011000000100 1
00000110000010010110 00010000001100 1
11100000000010000000 00000001100000 2
00000010000010010100 10000000001100 1
11000000000000100010 10010000000100 1
00000010000001001010 00000011001001 1
00011000000010000100 00011000010000 1
00000101001011110110 00010000001000 2
01000000000011000100 00000010000001 2
00000101001001000100 00011000000100 1
00000100000000100000 00000000000000 2
00000101001101010100 00110010001000 1
00000010000011110000 10011000001000 1
00010000000000010011 00001000000000 1
00000101001011011110 00010001000000 1
00000110000000010000 01000000000000 2
00000011001010000000 00000001000000 1
10100000000000110010 00001000001000 1
00000000110001010010 00001000000100 2
00000111001011010111 10000010001000 1
00000100000100000000 00000000000000 1
00001000001010000100 10101010000000 1
00010000000001001100 00000000000010 1
00100000000000001110 00000010000001 1
00000000110110000000 00000000000011 1
00010000000101000000 10010100000010 1
00000100000110000000 00000000000000 1
00000011000111000110 00000010000001 1
00000000010011100100 00000110000011 1
00000101000001000100 00011000000100 1
00000001000001010110 00010000001000 1
00000100000110010010 00001000000000 1
00000000010000110010 00001000000000 1
10100000000000010010 00001000000000 1
00001000000100010110 00010000000000 1
00000100000111010010 00001000000100 1
00000010000110000000 00000000000000 2
00010000000001011000 00000000100110 1
11100000000110000000 10110010000000 1
00010000000100010010 00001000000000 1
00000101001000000100 11000000100000 2
00000101001100010010 10000011010000 1
00000111001001010101 10000001101000 1
00000111000000001000 00000000100100 1
00000100001000110010 00001000000100 1
00010000001111000010 10010001001000 1
00000000111010000010 00000100000011 3
00000000011010010100 10000001000000 1
00000001001000010100 01100000100000 1
00001000001101010010 00001000000100 1
00000001001110010010 00110000000000 1
00000000111011000110 00000010100001 1
00010000000011011110 00000010000001 1
00001000000010010110 00010000010000 1
00000010001101000010 01001001101000 2
00000001000001110110 00101000000100 1
00000000111101100100 00000110000100 1
00000111000001000110 00000011001000 1
00001000000111000010 01001000000001 1
00000000100011001001 00000000000001 1
11000000000001000100 10000000001000 1
00000101001011010010 00001000001000 1
00011000000100000100 00000110000000 1
00011000001001010110 00001110000100 1
01000000000100010110 11001000000000 1
00000000110011011000 10110010000001 1
00000000110001110010 00001000001000 1
10100000000101000010 10010001001000 1
00000000101011010000 00010010001000 1
00001000001010000000 00000000000000 2
00100000000000011010 00001000000100 1
00000101001101010110 00010000001000 1
00000000101011001000 00000000001000 1
00000111000001000011 00000001001100 1
01000000000111000100 10010010000001 1
00100000000111000110 00000010000001 1
00100000000011001000 00000001001001 1
00000000111010010100 10000001000000 1
00000000111100000100 00011000000000 1
00000110000000110010 00001000010001 1
00010000001000010100 00001010000000 1
11000000000001000011 01001000000010 1
00001000000011010000 01000000000001 1
00000110001101000000 00000000000100 1
00000001001110000010 00100010000000 1
00100000001001010100 00000001011101 1
01100000000000010000 00000000000000 1
00000100000000100110 00000010000000 1
00000100000011010000 01000000000001 1
00000000010001000100 00000110000010 2
10000000001000001000 01000000100000 1
11000000001100010010 00001000100000 1
00000110000001001100 00100001001001 1
00000000101001010100 00001010000101 1
00000000110010001000 00000000000011 1
00000001000000110011 00000000001000 1
00100000000011001110 00000011001001 1
00000001001001010100 10000000000100 1
00000010001101010000 01000000000100 1
00000010001001000100 10010011000001 1
00100000000010010000 01000000010000 1
00000000110011001110 00000011001001 1
00011000001001000100 00000000000100 3
00011000000011000010 00000100000001 1
00100000000101010010 00001000000100 1
00010000000010000010 00100010010000 1
01000000000011010110 00010000001000 1
00000000010000011010 00001100000000 1
00000011000010000010 00100010010000 1
11100000000000000011 10010000000011 2
00000101001100000000 00000001000000 1
00000000110100000110 00000010000000 1
00000000110101000100 00000110010001 1
11000000000011000000 00000001000100 1
00011000000111000110 00000010000001 2
00000000101010010010 00001000000101 1
00000100000001100100 00011000000000 1
11100000001010001010 10010001000000 1
00000000011001000110 10001000000100 1
00011000001011000111 00011000001001 1
11100000001001010110 00010000001000 1
00000001001001010010 00001000000100 1
00100000001010000100 00100000010000 1
00001000000000110000 01000000000001 1
00001000001110000010 10010000000000 1
00000001000010001100 00100001011000 1
00000000110101000010 10010000000100 1
00000001000011011110 00000010000001 1
00000000110000000011 00000000000100 1
00000111001000000110 01010000000000 1
00010000000000100110 00000010000010 1
11000000000010000110 10110000010000 1
00000000111001010100 10000000000100 1
00001000000011000111 00000010000001 1
01000000000000110000 10011000000100 1
00001000001111010010 00001000001000 1
00010000001011000001 00010000000100 1
00100000000110000100 00000000000000 1
00011000001010010100 10000001000000 1
01000000000001000001 00000000000001 1
10100000000110010110 00010000000000 1
01100000001011000010 00100010001000 1
10000000000011001000 00000000010000 1
00011000001011100100 00011000001000 1
00000001000010110110 00101000011000 1
00000000111001110010 00001000000100 1
00000111001001000001 00000001100100 1
00100000000001010100 00000001000000 1
00000111001100010000 00010010001001 1
00000110001001000110 00000010000101 1
00000000101001110100 00001010000101 1
00000000101001011010 00001000000100 1
10000000001001010100 00000001011101 1
00000000010111010010 00001000000111 1
00001000000000010011 00001000000011 1
00000000010010010101 00011000001100 1
00000111000010010110 00010000001100 1
00100000001000000110 00000010001001 1
00000100001110010010 11010001000000 1
00000001000011001100 00010010000001 1
01000000001001100010 01001000100000 1
00000100001100010010 11010000000000 1
00000000100010100000 00000000000001 1
00100000001111000100 10010010000001 1
00000010000000010101 00000000000100 1
00000111001010100100 00011000001000 1
00001000000001100110 00000010000010 1
10100000000000110000 10011000000000 1
10000000000011010010 00001000000001 1
00000011000010010100 00001010000101 1
01000000000011101100 00000001001001 1
00000001000000011011 00000100000011 1
00001000000000011110 00010000000000 1
00001000000011010100 00000001011000 1
00000000111001000110 00000010000101 2
00000011000101000000 00000001001000 1
11100000001001010010 00001000000100 1
00011000001011000010 00011010001000 1
00000000010011100110 00011100000001 1
00100000000100000100 00100000010000 1
01100000000011000001 00000000000001 1
00010000001001000011 00000000000101 1
00100000001110000000 00000000000000 1
00000000101001110000 00001010000101 1
00000010000100000010 10010000000000 1
10100000001011011000 00000000011001 1
00000000100011011000 00000000000000 1
00001000001001001010 00001000000100 1
00011000000010010100 00011000000000 1
10000000001001110110 00010000000100 1
01000000000011010000 00010010011000 1
00010000000011100110 00000010000011 1
00000000110010100000 00000000000011 1
