	0.006876	(0.006604083791550909, 0.007147916208449094)
	0.009606	(0.009285047535588706, 0.009926952464411297)
	0.013167	(0.0127919141567268, 0.013542085843273204)
	0.01678	(0.0163573442773827, 0.017202655722617304)
	0.021078	(0.020605334213124875, 0.021550665786875128)
	0.025516	(0.024997129384680242, 0.026034870615319762)
	0.030489	(0.02992326456224323, 0.031054735437756772)
	0.035569	(0.03495955175358279, 0.03617844824641722)
	0.041657	(0.040999539136350745, 0.04231446086364926)
	0.047431	(0.046731569147081466, 0.04813043085291854)
	0.053535	(0.05279430978730958, 0.05427569021269042)
