	0.008088	(0.007793271206205507, 0.008382728793794496)
	0.01127	(0.01092265085265098, 0.011617349147349024)
	0.015299	(0.014895122987541039, 0.015702877012458965)
	0.019405	(0.0189510927871038, 0.0198589072128962)
	0.024693	(0.024182350369383324, 0.02520364963061668)
	0.029994	(0.029432732588062258, 0.03055526741193775)
	0.035177	(0.03457079621094498, 0.03578320378905503)
	0.041569	(0.0409122037901378, 0.04222579620986221)
	0.047567	(0.046866617120566376, 0.04826738287943363)
	0.053919	(0.05317580890350361, 0.0546621910964964)
	0.060971	(0.06018365226100942, 0.06175834773899058)
