8e-05	7.025e-05	(5.646066454852446e-05, 8.403933545147568e-05)
9e-05	9.225e-05	(7.644849029381368e-05, 0.00010805150970618648)
0.0001	0.00010525	(8.83718973487741e-05, 0.00012212810265122605)
0.00011000000000000002	0.0001285	(0.00010985084810607559, 0.0001471491518939246)
0.00012000000000000002	0.00015575	(0.00013521873862068, 0.00017628126137932018)
0.00013000000000000002	0.00017925	(0.00015722448445382195, 0.00020127551554617826)
0.00014000000000000001	0.0002035	(0.00018003214261030253, 0.00022696785738969772)
0.00015000000000000001	0.000243	(0.0002173559986423909, 0.00026864400135760935)
0.00016	0.000272	(0.0002448693119707374, 0.00029913068802926284)
0.00017	0.000306	(0.0002772240491111204, 0.0003347759508888799)
0.00018	0.00034775	(0.00031707437140988704, 0.0003784256285901133)
