	0.000961	(0.0008590426971459652, 0.001062957302854036)
	0.001132	(0.0010213522245951707, 0.0012426477754048303)
	0.001328	(0.00120816714744202, 0.0014478328525579813)
	0.001528	(0.0013994728002307744, 0.0016565271997692269)
	0.001808	(0.0016682114246610426, 0.0019477885753389585)
	0.001958	(0.001812539131623777, 0.002103460868376225)
	0.002455	(0.002292161377625033, 0.002617838622374969)
	0.002726	(0.0025544322730985886, 0.0028975677269014134)
	0.002994	(0.0028142204838642122, 0.0031737795161357898)
	0.003301	(0.0031122572855419453, 0.0034897427144580566)
	0.003687	(0.0034875656828116984, 0.0038864343171883036)
