	0.000795	(0.0007022580363957726, 0.0008877419636042284)
	0.000949	(0.0008476806584158875, 0.0010503193415841135)
	0.00115	(0.0010384769905355785, 0.0012615230094644224)
	0.00127	(0.001152809790275531, 0.0013871902097244702)
	0.001573	(0.0014425968918105208, 0.0017034031081894802)
	0.001745	(0.001607664160693111, 0.0018823358393068904)
	0.001942	(0.0017971335138475314, 0.00208686648615247)
	0.002242	(0.0020863690972193994, 0.002397630902780602)
	0.002522	(0.0023569598433076846, 0.0026870401566923166)
	0.00286	(0.0026842778497518146, 0.0030357221502481874)
	0.003112	(0.0029287228167989544, 0.0032952771832010477)
