	0.000538	(0.0004616973353954539, 0.0006143026646045467)
	0.000744	(0.0006542797916670651, 0.0008337202083329357)
	0.000926	(0.0008259148267928564, 0.0010260851732071445)
	0.001338	(0.0012177174179235617, 0.0014582825820764393)
	0.001677	(0.001542362049221402, 0.0018116379507785996)
	0.002082	(0.0019320131397209134, 0.002231986860279088)
	0.002462	(0.002298929962205892, 0.00262507003779411)
	0.002912	(0.0027346921950400956, 0.0030893078049599064)
	0.003559	(0.003363045513345033, 0.003754954486654969)
	0.003962	(0.0037552904161521645, 0.004168709583847838)
	0.0046	(0.004377339511621668, 0.004822660488378334)
