	0.000481	(0.0004088504729637681, 0.0005531495270362325)
	0.000663	(0.0005783010217965097, 0.0007476989782034911)
	0.00096	(0.0008580957074561953, 0.0010619042925438058)
	0.001156	(0.0010441867752597222, 0.0012678132247402787)
	0.001542	(0.0014128862453566093, 0.001671113754643392)
	0.001777	(0.0016384128629144423, 0.001915587137085559)
	0.00223	(0.0020747852192709478, 0.002385214780729054)
	0.002608	(0.0024401767384834338, 0.002775823261516568)
	0.003009	(0.00282877205281538, 0.0031892279471846213)
	0.003572	(0.003375689237552895, 0.0037683107624471067)
	0.004041	(0.003832248031879758, 0.004249751968120245)
