	0.001151	(0.0010394285686569256, 0.0012625714313430753)
	0.001354	(0.001233001346103456, 0.001474998653896545)
	0.001637	(0.0015039747751544644, 0.0017700252248455369)
	0.00183	(0.001689365062463256, 0.0019706349375367455)
	0.002249	(0.002093126876988681, 0.0024048731230113204)
	0.002595	(0.0024275944412165853, 0.0027624055587834166)
	0.002966	(0.0027870605983203196, 0.003144939401679682)
	0.00327	(0.0030821427049706057, 0.003457857295029396)
	0.003589	(0.0033922243257868447, 0.003785775674213158)
	0.004034	(0.0038254281820114286, 0.004242571817988574)
	0.004513	(0.004292445518616954, 0.004733554481383047)
