	0.001019	(0.0009140140628204482, 0.0011239859371795526)
	0.001203	(0.0010889390849059286, 0.0013170609150940727)
	0.001363	(0.0012416004218547857, 0.0014843995781452155)
	0.001641	(0.00150781261794434, 0.0017741873820556612)
	0.001962	(0.0018163909181499658, 0.002107609081850036)
	0.002266	(0.00210954020314355, 0.002422459796856451)
	0.002525	(0.002359861960531934, 0.0026901380394680676)
	0.002877	(0.0027007578747545126, 0.0030532421252454887)
	0.003158	(0.002973377490431624, 0.0033426225095683783)
	0.003473	(0.0032794191689711205, 0.003666580831028881)
	0.003859	(0.0036549844735671955, 0.004063015526432807)
