0.0002950000000000452	(0.00023849168422793968, 0.0003515083157721513)
0.0004410000000000247	(0.0003719141771029491, 0.0005100858228971009)
0.0006479999999999819	(0.0005642640080954017, 0.000731735991904563)
0.0008200000000000429	(0.0007258122948339717, 0.000914187705166115)
0.0010649999999999826	(0.0009576730365867019, 0.0011723269634132643)
0.0012919999999999598	(0.0011738004169800545, 0.0014101995830198663)
0.001475000000000004	(0.0013487181589535674, 0.001601281841046442)
0.0017319999999999558	(0.001595175792292668, 0.001868824207707245)
0.002039000000000013	(0.0018905668783989094, 0.002187433121601118)
0.0023499999999999632	(0.0021906733378655938, 0.0025093266621343344)
0.0026410000000000045	(0.00247212110471951, 0.002809878895280501)
