0.00031999999999998696	(0.00026114668716344347, 0.00037885331283653105)
0.0005070000000000352	(0.0004329271113465624, 0.0005810728886535087)
0.0005910000000000082	(0.0005110293194744424, 0.0006709706805255747)
0.0008169999999999566	(0.0007229846061534419, 0.0009110153938464723)
0.0010489999999999666	(0.00094248144645936, 0.0011555185535405742)
0.0013480000000000159	(0.00122726937263374, 0.001468730627366293)
0.001562999999999981	(0.0014330114062071208, 0.0016929885937928427)
0.001923000000000008	(0.0017788425507466218, 0.0020671574492533954)
0.0022529999999999495	(0.0020969886358011445, 0.002409011364198756)
0.002583000000000002	(0.002415980949891366, 0.0027500190501086393)
0.003025999999999973	(0.0028452651922922937, 0.0032067348077076544)
