0.0013570000000000526	(0.001235867556440565, 0.0014781324435595416)
0.0018010000000000526	(0.00166148180631584, 0.0019405181936842663)
0.0022410000000000485	(0.002085403731169097, 0.0023965962688310017)
0.0028249999999999664	(0.0026503533175612467, 0.002999646682438688)
0.003550999999999971	(0.003355265086959885, 0.0037467349130400583)
0.004152999999999962	(0.003941386827336865, 0.004364613172663062)
0.0049120000000000275	(0.004681948353003996, 0.005142051646996062)
0.005601999999999996	(0.005356406370945518, 0.005847593629054475)
0.006572000000000022	(0.006306122002657545, 0.006837877997342502)
0.007344000000000017	(0.007063048637010911, 0.007624951362989126)
0.008264000000000049	(0.007966108153314246, 0.008561891846685855)
