0.00041599999999997195	(0.000348900121075311, 0.00048309987892463356)
0.0005889999999999507	(0.0005091646684453294, 0.0006688353315545728)
0.0007580000000000364	(0.000667440218487306, 0.0008485597815127676)
0.0010139999999999594	(0.0009092716884656605, 0.0011187283115342592)
0.0012510000000000021	(0.0011346886070601253, 0.0013673113929398802)
0.0015009999999999746	(0.0013736116869380833, 0.001628388313061867)
0.0018780000000000463	(0.0017355360336835813, 0.0020204639663165126)
0.0023330000000000295	(0.002174249319260231, 0.0024917506807398296)
0.0026730000000000365	(0.0025031037899697663, 0.0028428962100303084)
0.002946000000000004	(0.0027676631322426813, 0.003124336867757329)
0.0035720000000000196	(0.0033756892375529143, 0.0037683107624471267)
