0.0003990000000000382	(0.0003332848941054807, 0.00046471510589459635)
0.0005610000000000337	(0.00048308429581089504, 0.0006389157041891731)
0.0007759999999999989	(0.0006843721044225719, 0.0008676278955774268)
0.0010470000000000201	(0.0009405829313258656, 0.0011534170686741756)
0.0013840000000000519	(0.0012616700696738608, 0.0015063299303262443)
0.0016209999999999836	(0.0014886254034723874, 0.0017533745965275808)
0.0020170000000000465	(0.0018693681900880958, 0.0021646318099119988)
0.0024140000000000272	(0.002252523536637135, 0.002575476463362921)
0.0026559999999999917	(0.0024866434693923706, 0.002825356530607614)
0.0031400000000000317	(0.002955902736836059, 0.003324097263164006)
0.003530000000000033	(0.0033348426599814117, 0.0037251573400186562)
