0.006928000000000045	(0.006655064685786977, 0.007200935314213116)
0.003546999999999967	(0.003351374967515916, 0.0037426250324840192)
0.0004210000000000047	(0.00035349824988051965, 0.0004885017501194904)
0.0005939999999999834	(0.0005138267254614186, 0.000674173274538549)
0.0008209999999999607	(0.0007267549279665411, 0.0009152450720333811)
0.0010339999999999794	(0.0009282449667243557, 0.0011397550332756042)
0.001306999999999947	(0.0011881171467116275, 0.001425882853288268)
0.0016220000000000123	(0.0014895846449303764, 0.0017544153550696495)
0.001967000000000052	(0.0018212058648624325, 0.002112794135137673)
0.00233899999999998	(0.002180045791140831, 0.0024979542088591307)
0.00263100000000005	(0.002462440288210006, 0.0027995597117900957)
0.003126999999999991	(0.0029432830272487246, 0.003310716972751259)
0.003631000000000051	(0.0034330804699125813, 0.003828919530087522)
