0.0003570000000000517	(0.00029483842697904247, 0.00041916157302106157)
0.0005199999999999649	(0.00044498395748336926, 0.0005950160425165613)
0.0006850000000000467	(0.0005989081754046297, 0.0007710918245954645)
0.0009569999999999856	(0.0008552549047389646, 0.0010587450952610077)
0.0011499999999999844	(0.0010384769905355637, 0.0012615230094644061)
0.0014250000000000096	(0.0013008738743590343, 0.0015491261256409862)
0.0017420000000000213	(0.00160478205902004, 0.0018792179409800039)
0.0019900000000000473	(0.001843357651291269, 0.002136642348708827)
0.002387000000000028	(0.002226426940371398, 0.0025475730596286597)
0.0028010000000000534	(0.0026270946692017977, 0.002974905330798311)
0.003114999999999979	(0.0029316347734414574, 0.003298365226558502)
