0.0005169999999999897	(0.000442200550664461, 0.0005917994493355192)
0.0007989999999999942	(0.0007060252021175113, 0.0008919747978824779)
0.0010940000000000394	(0.000985223170805031, 0.0012027768291950488)
0.0013619999999999743	(0.0012406449032269797, 0.00148335509677297)
0.0016859999999999653	(0.0015510018586518321, 0.0018209981413480998)
0.0020980000000000443	(0.0019474391313538922, 0.0022485608686461976)
0.0025009999999999755	(0.002336646671601667, 0.002665353328398285)
0.0029770000000000074	(0.002797730078175748, 0.0031562699218242686)
0.0035560000000000036	(0.003360127824191137, 0.0037518721758088725)
0.0040879999999999805	(0.003878042520991297, 0.004297957479008666)
0.004550999999999972	(0.004329523144747875, 0.00477247685525207)
