0.0005429999999999602	(0.0004663437808549255, 0.0006196562191449956)
0.0007540000000000324	(0.0006636792977880203, 0.0008443207022120454)
0.0010449999999999626	(0.0009386845134733299, 0.0011513154865265963)
0.001358999999999999	(0.0012377784458122484, 0.0014802215541877511)
0.0017599999999999838	(0.001622076191354065, 0.0018979238086459039)
0.0020930000000000115	(0.0019426182716275817, 0.0022433817283724427)
0.0025049999999999795	(0.0023405156238145803, 0.00266948437618538)
0.0030090000000000394	(0.0028287720528154185, 0.003189227947184662)
0.0034999999999999476	(0.0033056707847189497, 0.0036943292152809473)
0.004058000000000006	(0.003848811180874358, 0.004267188819125656)
0.0046359999999999735	(0.004412473971661931, 0.004859526028338018)
