	0.000778	(0.0006862541950375193, 0.0008697458049624817)
	0.000989	(0.0008855694809404159, 0.0010924305190595854)
	0.001185	(0.001071794604487554, 0.0012982053955124472)
	0.001378	(0.0012559351570229462, 0.001500064842977055)
	0.001493	(0.0013659511073749388, 0.0016200488926250622)
	0.001828	(0.0016874417923488753, 0.001968558207651126)
	0.001992	(0.0018452841271830796, 0.0021387158728169214)
	0.002316	(0.002157827417845301, 0.0024741725821547005)
	0.00263	(0.0024614722401608653, 0.0027985277598391364)
	0.002777	(0.002603839230771249, 0.002950160769228752)
	0.003201	(0.0030151288195349995, 0.003386871180465002)
