	0.000753	(0.0006627391668604694, 0.0008432608331395314)
	0.000873	(0.0007758186578359277, 0.0009701813421640731)
	0.001015	(0.0009102201124553739, 0.0011197798875446272)
	0.001238	(0.0011222937680375237, 0.0013537062319624775)
	0.001395	(0.0012721855704991582, 0.001517814429500843)
	0.001602	(0.001470402229896282, 0.0017335977701037192)
	0.00179	(0.001650907761392956, 0.0019290922386070452)
	0.001981	(0.0018346889706629137, 0.002127311029337088)
	0.002287	(0.0021298185390516387, 0.0024441814609483625)
	0.002556	(0.002389853916176541, 0.002722146083823461)
	0.002858	(0.002682339125643895, 0.0030336608743561063)
