	0.011215	(0.010868489820921376, 0.011561510179078624)
	0.015557	(0.01514978512225569, 0.015964214877744312)
	0.021063	(0.02059049880756054, 0.02153550119243946)
	0.026391	(0.025863544729219562, 0.026918455270780444)
	0.032915	(0.03232792352681736, 0.033502076473182645)
	0.039407	(0.038766790935357384, 0.04004720906464261)
	0.046972	(0.04627579397146913, 0.04766820602853088)
	0.054368	(0.053621898038127, 0.055114101961873004)
	0.0633	(0.062498750930116365, 0.06410124906988364)
	0.071038	(0.0701927021569984, 0.07188329784300161)
	0.079765	(0.07887350075118016, 0.08065649924881986)
