	0.012527	(0.012161024867367651, 0.012892975132632352)
	0.017709	(0.017275007199862663, 0.01814299280013734)
	0.023409	(0.022911476942334596, 0.023906523057665406)
	0.029776	(0.02921671315056634, 0.030335286849433665)
	0.037181	(0.03655841553138502, 0.037803584468614974)
	0.044461	(0.04378276648739698, 0.04513923351260303)
	0.052497	(0.051763123530429486, 0.053230876469570525)
	0.060908	(0.060121032743019207, 0.061694967256980794)
	0.069737	(0.06889889211323258, 0.07057510788676741)
	0.079057	(0.07816912472157218, 0.07994487527842783)
	0.088524	(0.08758930793262498, 0.08945869206737504)
