	0.011968	(0.011610182383209955, 0.012325817616790047)
	0.017036	(0.016610187853993607, 0.017461812146006395)
	0.022316	(0.02182995905834958, 0.02280204094165042)
	0.028362	(0.02781575673501127, 0.02890824326498873)
	0.035035	(0.03442997647035076, 0.03564002352964924)
	0.042407	(0.041743906638951576, 0.04307009336104843)
	0.050109	(0.04939110624135217, 0.05082689375864784)
	0.057937	(0.05716825306276348, 0.058705746937236535)
	0.066019	(0.06520191184481913, 0.06683608815518087)
	0.07494	(0.0740736223928126, 0.07580637760718742)
	0.083275	(0.08236583589364634, 0.08418416410635368)
