	0.011365	(0.011016206699943824, 0.01171379330005618)
	0.016078	(0.015664132073636827, 0.016491867926363174)
	0.021561	(0.021083067294749742, 0.022038932705250265)
	0.027209	(0.02667365779231558, 0.027744342207684427)
	0.034064	(0.03346711945782553, 0.03466088054217447)
	0.041139	(0.04048546309655583, 0.04179253690344417)
	0.048207	(0.04750215807404312, 0.048911841925956885)
	0.055954	(0.0551977287849509, 0.0567102712150491)
	0.064049	(0.06324334676309361, 0.06485465323690638)
	0.072926	(0.07207041370267434, 0.07378158629732567)
	0.081922	(0.08101958670153137, 0.08282441329846864)
