	0.001235	(0.0011194338728426196, 0.0013505661271573815)
	0.001375	(0.00125306791801429, 0.0014969320819857108)
	0.001662	(0.0015279645323209117, 0.0017960354676790898)
	0.00184	(0.0016989820438880494, 0.001981017956111952)
	0.002363	(0.002203234295817448, 0.002522765704182554)
	0.002537	(0.0023714710141282654, 0.0027025289858717367)
	0.002913	(0.0027356618422468043, 0.003090338157753197)
	0.003238	(0.0030510611434615047, 0.003424938856538497)
	0.00362	(0.003422379401934737, 0.0038176205980652647)
	0.004063	(0.0038536828716403933, 0.004272317128359608)
	0.004387	(0.004169532420914416, 0.004604467579085586)
