	0.000972	(0.0008694613994312035, 0.0010745386005687975)
	0.001174	(0.0010613206349424766, 0.0012866793650575243)
	0.001395	(0.0012721855704991582, 0.001517814429500843)
	0.001637	(0.0015039747751544644, 0.0017700252248455369)
	0.001833	(0.001692250046641744, 0.0019737499533582573)
	0.002164	(0.0020110943139480947, 0.002316905686051907)
	0.00244	(0.0022776583896271093, 0.0026023416103728918)
	0.002703	(0.002532155617891904, 0.0028738443821080977)
	0.003115	(0.002931634773441478, 0.003298365226558524)
	0.003399	(0.0032074854982885835, 0.0035905145017114184)
	0.00381	(0.0036072788785623585, 0.004012721121437643)
