	0.000706	(0.0006185994000723334, 0.0007934005999276675)
	0.001058	(0.0009510259609962205, 0.0011649740390037803)
	0.001404	(0.0012807905870806382, 0.001527209412919363)
	0.001774	(0.0016355296883331246, 0.0019124703116668767)
	0.002254	(0.0020979540948134084, 0.0024100459051865928)
	0.002764	(0.00259124388988592, 0.0029367561101140815)
	0.003351	(0.0031608379919094783, 0.0035411620080905235)
	0.004026	(0.0038176342617147452, 0.004234365738285257)
	0.00471	(0.004484705444244352, 0.0049352945557556505)
	0.005473	(0.005230234797243856, 0.0057157652027561455)
	0.006119	(0.005862390432909283, 0.00637560956709072)
