	0.000613	(0.0005315553599129822, 0.0006944446400870187)
	0.000953	(0.0008514675575611554, 0.0010545324424388455)
	0.00124	(0.001124200459474669, 0.0013557995405253322)
	0.001647	(0.001513569754067382, 0.001780430245932619)
	0.001952	(0.0018067617376637847, 0.0020972382623362165)
	0.002501	(0.0023366466716016913, 0.002665353328398311)
	0.002865	(0.0026891247545001926, 0.003040875245499809)
	0.003494	(0.003299836839532594, 0.0036881631604674084)
	0.004191	(0.0039784249562131845, 0.004403575043786818)
	0.004715	(0.004489586459069264, 0.004940413540930737)
	0.00527	(0.0050317552502007834, 0.005508244749799219)
