0.004314999999999958	(0.004099316558040044, 0.004530683441959873)
0.006004000000000009	(0.005749798514933344, 0.006258201485066677)
0.008079999999999976	(0.00778541581535506, 0.008374584184644896)
0.010575000000000001	(0.010238413222537391, 0.010911586777462614)
0.013241999999999976	(0.012865861712401994, 0.013618138287597961)
0.016017999999999977	(0.015604892437982843, 0.016431107562017114)
0.01888500000000004	(0.01843709709867548, 0.019332902901324608)
0.022229000000000054	(0.021743885827855053, 0.02271411417214506)
0.025645999999999947	(0.025125843980855465, 0.026166156019144435)
0.02947500000000003	(0.028918460884291942, 0.03003153911570812)
0.03338300000000005	(0.032791907676912646, 0.033974092323087464)
