0.003	(0.0012004097572932827, 0.004799590242706734)
0.0035	(0.0015567078471900077, 0.005443292152810011)
0.0052	(0.0028333448350426824, 0.00756665516495734)
0.0056	(0.0031444996827408207, 0.008055500317259202)
0.0069	(0.004176129478991566, 0.00962387052100846)
0.0107	(0.007314511704713601, 0.01408548829528643)
0.0115	(0.007991651879636925, 0.01500834812036311)
0.0132	(0.009444506978795304, 0.01695549302120473)
0.0164	(0.01222076678083638, 0.020579233219163662)
0.019	(0.014507617493411958, 0.023492382506588083)
0.0193	(0.014772982582639201, 0.023827017417360846)
