0.002546	(0.0023801784153658174, 0.0027118215846341845)
0.003731	(0.0035303836353811195, 0.003931616364618883)
0.004976	(0.004744461941594575, 0.0052075380584054275)
0.006442	(0.00617874756570611, 0.006705252434293893)
0.008015	(0.007721593494327654, 0.008308406505672349)
0.009791	(0.009467001959839927, 0.010114998040160075)
0.011829	(0.01147324133119923, 0.012184758668800772)
0.013772	(0.013388511279624614, 0.014155488720375389)
0.015767	(0.015357089617856806, 0.016176910382143195)
0.018268	(0.017827336176514517, 0.018708663823485485)
0.020899	(0.020428302465692553, 0.021369697534307452)
