0.0436	(0.03688063161559725, 0.05031936838440281)
0.048	(0.040965965142717845, 0.05503403485728223)
0.0615	(0.053594667892195996, 0.06940533210780407)
0.0677	(0.059433196784732745, 0.07596680321526733)
0.0763	(0.06756439146297477, 0.08503560853702533)
0.0845	(0.07534785373766938, 0.09365214626233073)
0.0915	(0.08201279169753657, 0.10098720830246351)
0.1024	(0.09242399120075481, 0.1123760087992453)
0.1137	(0.10325433652324785, 0.12414566347675224)
0.1211	(0.11036487200083021, 0.13183512799916988)
0.1275	(0.11652503273718932, 0.13847496726281078)
