0.042129	(0.04146798774535547, 0.04279001225464454)
0.051171	(0.0504459443346259, 0.051896055665374106)
0.059047	(0.058271381235245716, 0.059822618764754296)
0.068204	(0.06737447254021647, 0.06903352745978353)
0.077293	(0.07641424580158801, 0.07817175419841199)
0.086021	(0.08509835257209246, 0.08694364742790754)
0.094719	(0.0937554468441071, 0.09568255315589291)
0.103133	(0.10213224384229343, 0.10413375615770659)
0.111264	(0.11022926498900071, 0.1122987350109993)
0.119773	(0.11870457945640653, 0.12084142054359348)
0.128593	(0.1274914997259302, 0.1296945002740698)
