0.0021959999999999757	(0.002041970391539678, 0.002350029608460275)
0.003066000000000013	(0.0028840782176246353, 0.0032479217823753927)
0.004129000000000049	(0.003917996622230593, 0.004340003377769507)
0.005552000000000001	(0.005307498689456952, 0.005796501310543052)
0.006893000000000038	(0.006620750190814918, 0.007165249809185161)
0.008326999999999973	(0.00802798432873648, 0.008626015671263471)
0.010195999999999983	(0.009865436468968746, 0.010526563531031223)
0.011848999999999998	(0.011492944310187192, 0.012205055689812809)
0.013900000000000023	(0.013514758289236017, 0.014285241710764033)
0.01570400000000005	(0.015294896281802417, 0.01611310371819769)
0.017969000000000013	(0.017531890770813647, 0.018406109229186382)
