0.01494899999999999	(0.014549698582133012, 0.015348301417866972)
0.02100599999999997	(0.020534124837098582, 0.021477875162901363)
0.027478000000000002	(0.02694009237555559, 0.02801590762444442)
0.034857999999999945	(0.034254451376690614, 0.03546154862330928)
0.04328900000000002	(0.04261935507210651, 0.04395864492789354)
0.051449999999999996	(0.05072307730672283, 0.052176922693277165)
0.06014799999999998	(0.05936564159295342, 0.06093035840704655)
0.06969999999999998	(0.06886209781528081, 0.07053790218471916)
0.07920799999999995	(0.0783193500603745, 0.08009664993962538)
0.08932099999999998	(0.0883825203224721, 0.09025947967752787)
0.10000500000000001	(0.0990178200440884, 0.10099217995591163)
0.01507499999999995	(0.01467404497171698, 0.015475955028282924)
0.020926	(0.020455005004495874, 0.02139699499550413)
0.027700999999999976	(0.027160975993692434, 0.02824102400630752)
0.03473700000000002	(0.0341344620476082, 0.03533953795239184)
0.043101999999999974	(0.04243373770480601, 0.04377026229519394)
0.05180499999999999	(0.05107571027851103, 0.05253428972148896)
0.060474999999999945	(0.05969065427793913, 0.061259345722060765)
0.06994	(0.06910076474316405, 0.07077923525683595)
0.07926599999999995	(0.0783770527616633, 0.0801549472383366)
0.08973299999999995	(0.08879257120941902, 0.09067342879058089)
0.10027399999999997	(0.09928564098376452, 0.10126235901623543)
