0.015861	(0.015449889161042776, 0.01627211083895723)
0.019456	(0.019001508520958423, 0.019910491479041583)
0.022473	(0.021985291494046898, 0.022960708505953106)
0.026165	(0.025639747071568575, 0.026690252928431434)
0.029026	(0.028473588362513146, 0.02957841163748686)
0.033169	(0.032579740088894825, 0.033758259911105176)
0.036471	(0.03585416124178926, 0.037087838758210756)
0.040803	(0.040152023401322616, 0.04145397659867739)
0.043628	(0.04295585727584722, 0.04430014272415279)
0.047346	(0.04664716496778556, 0.04804483503221445)
0.050747	(0.05002479315707781, 0.0514692068429222)
