0.0276	(0.02220933381200313, 0.032990666187996925)
0.0284	(0.022934016122634356, 0.033865983877365696)
0.0384	(0.03207692602462349, 0.04472307397537656)
0.0437	(0.036973282027485406, 0.05042671797251466)
0.0506	(0.043387840954923304, 0.057812159045076764)
0.0524	(0.04506764315343308, 0.05973235684656699)
0.0592	(0.05143440153111892, 0.06696559846888116)
0.0672	(0.05896157241791608, 0.075438427582084)
0.0739	(0.06529171603997004, 0.08250828396003003)
0.0779	(0.0690809224185921, 0.08671907758140798)
0.0839	(0.07477741654105367, 0.09302258345894641)
