0.014507999999999965	(0.014114544384296901, 0.014901455615703033)
0.020610000000000017	(0.020142499314698747, 0.021077500685301294)
0.026938000000000017	(0.02640525626156917, 0.02747074373843087)
0.03442500000000004	(0.03382507714950982, 0.03502492285049026)
0.042242	(0.041580140886150696, 0.04290385911384931)
0.05041499999999999	(0.049695033595024286, 0.051134966404975696)
0.05977100000000002	(0.05899094090410903, 0.060551059095891015)
0.06880600000000003	(0.06797308887419168, 0.06963891112580839)
0.07853100000000002	(0.07764583068221764, 0.07941616931778239)
0.08847099999999997	(0.08753656061173784, 0.0894054393882621)
0.09999899999999995	(0.09901184636793658, 0.10098615363206331)
