0.007905000000000051	(0.007613597689566586, 0.00819640231043352)
0.011245999999999978	(0.010899016686828418, 0.011592983313171542)
0.014917999999999987	(0.014519106539595115, 0.015316893460404862)
0.01927000000000001	(0.018817643317101906, 0.01972235668289812)
0.023889999999999967	(0.023387515257705577, 0.024392484742294364)
0.028559	(0.028010918508933166, 0.029107081491066843)
0.034134	(0.03353652814127074, 0.03473147185872926)
0.04019399999999995	(0.0395476946252294, 0.040840305374770514)
0.045684999999999976	(0.04499793454533647, 0.04637206545466349)
0.05172500000000002	(0.05099624285882757, 0.05245375714117248)
0.05858200000000002	(0.057809250434741125, 0.05935474956525893)
