0.013000000000000012	(0.009272688615962268, 0.01672731138403779)
0.013499999999999956	(0.009702648036205408, 0.01729735196379454)
0.016900000000000026	(0.01265861570816561, 0.021141384291834483)
0.025599999999999956	(0.02040298412352469, 0.03079701587647527)
0.02859999999999996	(0.023115368048300753, 0.03408463195169922)
0.03259999999999996	(0.026756443266810225, 0.038443556733189756)
0.0413	(0.03475240493381934, 0.04784759506618073)
0.04679999999999995	(0.03985007102009388, 0.05374992897990609)
0.053300000000000014	(0.04590845515174434, 0.06069154484825576)
0.06020000000000003	(0.05237325130997064, 0.0680267486900295)
