0.0022010000000000085	(0.0020467955251322408, 0.0023552044748677775)
0.0031400000000000317	(0.002955902736836059, 0.003324097263164006)
0.004153999999999991	(0.003942361457985261, 0.004365638542014723)
0.005400999999999989	(0.0051598282020847465, 0.0056421717979152335)
0.006847999999999965	(0.0065766341707305855, 0.007119365829269347)
0.00838899999999998	(0.008088882591040118, 0.008689117408959843)
0.010006999999999988	(0.009679483310863478, 0.0103345166891365)
0.011627999999999972	(0.01127524096035287, 0.011980759039647076)
0.013731000000000049	(0.013348074579252349, 0.014113925420747752)
0.015711999999999948	(0.015302793754321876, 0.016121206245678026)
0.01781100000000002	(0.017375781740255426, 0.01824621825974462)
