<<<<<<< Updated upstream
0.01011200000000001	(0.009782786994589435, 0.010441213005410588)
0.01418699999999995	(0.01379785811517115, 0.014576141884828753)
0.01857399999999998	(0.018129730065878782, 0.01901826993412118)
0.02393500000000004	(0.023432053825503705, 0.024437946174496378)
0.029549999999999965	(0.028992774800916197, 0.030107225199083737)
0.03556999999999999	(0.03496054350248359, 0.036179456497516395)
0.04218299999999997	(0.04152158289022696, 0.042844417109772985)
0.04916100000000001	(0.048449574757167144, 0.049872425242832884)
0.056142000000000025	(0.05538453478462527, 0.05689946521537479)
0.06358799999999998	(0.06278505371833461, 0.06439094628166536)
0.07148600000000005	(0.07063824541004769, 0.07233375458995242)
=======
0.008050000000000002	(0.007755958754054708, 0.008344041245945299)
0.01116499999999998	(0.010819254368150335, 0.01151074563184963)
0.01516799999999996	(0.014765829085142252, 0.01557017091485767)
0.019043000000000032	(0.018593263545021086, 0.01949273645497898)
0.023673999999999973	(0.023173736666889315, 0.024174263333110634)
0.028656000000000015	(0.028107015935252822, 0.029204984064747214)
0.03420500000000004	(0.03360692906518265, 0.03480307093481744)
0.03967399999999999	(0.03903171502695677, 0.04031628497304321)
0.04585899999999998	(0.04517069013741713, 0.04654730986258284)
0.05203599999999997	(0.05130517516333193, 0.052766824836668016)
0.05835699999999999	(0.05758564367812889, 0.0591283563218711)
>>>>>>> Stashed changes
