0.006237623762376243	(0.0036597858927411345, 0.008815461632011376)
0.006930693069306937	(0.004214361074335846, 0.009647025064278053)
0.008316831683168324	(0.0053433164784787565, 0.01129034688785792)
0.011287128712871297	(0.007828279981213139, 0.014745977444529488)
0.015742574257425757	(0.011666923505471537, 0.019818225009380012)
0.01881188118811883	(0.014363551266602784, 0.023260211109634915)
0.025643564356435666	(0.020468057830562648, 0.030819070882308734)
0.023663366336633684	(0.01868665108896817, 0.028640081584299246)
0.02960396039603963	(0.024054456618615317, 0.035153464173463995)
0.036930693069306963	(0.03075583134946973, 0.04310555478914426)
0.040099009900990135	(0.03367531684390652, 0.046522702958073814)
