0.0162	(0.012045905808736308, 0.02035409419126373)
0.0203	(0.01565955108291035, 0.024940448917089693)
0.0236	(0.018605002098366526, 0.028594997901633522)
0.0266	(0.02130517132080825, 0.0318948286791918)
0.0306	(0.024932681189815436, 0.036267318810184614)
0.0301	(0.024477724139543966, 0.03572227586045608)
0.0351	(0.029044358805276324, 0.04115564119472373)
0.0417	(0.03512214652961825, 0.04827785347038181)
0.0433	(0.036602738472689134, 0.049997261527310925)
0.0479	(0.04087292704266481, 0.054927072957335246)
0.0505	(0.043294591677137687, 0.05770540832286239)
