0.002685	(0.0025147238806893265, 0.002855276119310675)
0.003275	(0.0030869996095894713, 0.0034630003904105307)
0.003931	(0.003725097482228535, 0.004136902517771466)
0.004541	(0.004319765495021758, 0.004762234504978244)
0.005303	(0.005064014450948937, 0.005541985549051066)
0.005979	(0.0057253251105766146, 0.006232674889423388)
0.006564	(0.0062982828067498185, 0.006829717193250185)
0.007483	(0.007199422171250684, 0.0077665778287493185)
0.008029	(0.007735339428161282, 0.00832266057183872)
0.008993	(0.0086823609273518, 0.0093036390726482)
0.009643	(0.009321436020632578, 0.009964563979367427)
