0.0025770000000000515	(0.002410174543538466, 0.002743825456461638)
0.003739000000000048	(0.003538169476356586, 0.003939830523643511)
0.004905000000000048	(0.004675111524034175, 0.0051348884759659244)
0.006325000000000025	(0.006064133765163939, 0.006585866234836113)
0.008054000000000006	(0.007759886302404601, 0.008348113697595413)
0.009750000000000036	(0.00942667435199966, 0.010073325648000417)
0.011662999999999979	(0.011309716716501892, 0.01201628328349807)
0.01402099999999995	(0.013634108890092334, 0.01440789110990757)
0.016151000000000026	(0.015736208969957654, 0.016565791030042402)
0.018460000000000032	(0.018017069819878658, 0.01890293018012141)
0.020947999999999967	(0.020476762779920145, 0.021419237220079792)
