0.004920999999999953	(0.004690738734968254, 0.005151261265031655)
0.007112000000000007	(0.006835489626923977, 0.00738851037307604)
0.009372999999999965	(0.00905592659816677, 0.009690073401833161)
0.012265999999999999	(0.01190380962488897, 0.012628190375111032)
0.015159000000000034	(0.014756946580700628, 0.015561053419299442)
0.01841499999999996	(0.01797259987457357, 0.018857400125426353)
0.02201900000000001	(0.021536130885507116, 0.02250186911449291)
0.02587499999999998	(0.025352588237178817, 0.026397411762821153)
0.02973999999999999	(0.029181040979632034, 0.030298959020367947)
0.03423900000000002	(0.033640642428361435, 0.03483735757163861)
0.038368999999999986	(0.03773693769429445, 0.039001062305705526)
