0.0196	(0.01503863201303745, 0.02416136798696259)
0.022	(0.017173345737180056, 0.026826654262819986)
0.0271	(0.021757012349316502, 0.03244298765068355)
0.0337	(0.027762052363594185, 0.03963794763640587)
0.0343	(0.02831128564440072, 0.04028871435559933)
0.0386	(0.03226114037309596, 0.04493885962690411)
0.044	(0.037251290913050426, 0.05074870908694963)
0.0514	(0.04413411461381464, 0.05866588538618543)
0.0525	(0.04516103723471835, 0.059838962765281715)
0.0617	(0.0537826678776847, 0.06961733212231537)
0.0601	(0.05227933858569025, 0.06792066141430983)
