0.0485	(0.04143128146866633, 0.055568718531333744)
0.0499	(0.04273526131756741, 0.057064738682432656)
0.0627	(0.05472302001826827, 0.07067697998173182)
0.064	(0.05594633919333959, 0.07205366080666048)
0.0819	(0.07287697069574038, 0.0909230293042597)
0.0868	(0.07753579328022162, 0.09606420671977849)
0.0995	(0.0896503948200964, 0.10934960517990369)
0.1021	(0.09213695068285042, 0.11206304931714967)
0.1112	(0.10085525380519977, 0.12154474619480031)
0.118	(0.10738449352702427, 0.12861550647297582)
0.1266	(0.11565819753993138, 0.1375418024600687)
