0.02273599999999998	(0.022245511980495493, 0.023226488019504467)
0.0026800000000000157	(0.002509882072002664, 0.002850117927997369)
0.022334999999999994	(0.021848756917842334, 0.02282124308215766)
0.0038759999999999906	(0.0036715373386660886, 0.004080462661333895)
0.005283000000000038	(0.005044463139653183, 0.005521536860346895)
0.006920999999999955	(0.006648201645096305, 0.007193798354903608)
0.00875300000000001	(0.008446496928869887, 0.009059503071130137)
0.01046899999999995	(0.010134086444868722, 0.010803913555131182)
0.012588000000000044	(0.012221146226340988, 0.012954853773659103)
0.01473000000000002	(0.014333590159983565, 0.01512640984001648)
0.01720900000000003	(0.016781068923816624, 0.01763693107618344)
0.01939599999999997	(0.018942195977422808, 0.019849804022577133)
0.022325999999999957	(0.021839852657129465, 0.022812147342870456)
