	0.000426	(0.0003580987610915387, 0.000493901238908462)
	0.000646	(0.0005623932465069714, 0.0007296067534930293)
	0.000875	(0.0007777075000630549, 0.0009722924999369462)
	0.001199	(0.0010851286422375226, 0.0013128713577624785)
	0.00145	(0.0013247913501806398, 0.0015752086498193611)
	0.001822	(0.0016816722355883491, 0.0019623277644116523)
	0.002155	(0.002002411921796647, 0.0023075880782033537)
	0.0025	(0.002335679450043246, 0.002664320549956756)
	0.003018	(0.0028375035354300635, 0.003198496464569938)
	0.003355	(0.00316472491191155, 0.0035452750880884515)
	0.003993	(0.003785486539053775, 0.004200513460946227)
