	0.000418	(0.0003507390839813684, 0.0004852609160186323)
	0.000663	(0.0005783010217965097, 0.0007476989782034911)
	0.000871	(0.0007739299433449225, 0.0009680700566550784)
	0.001085	(0.0009766710435129009, 0.0011933289564871)
	0.001371	(0.0012492451590996316, 0.0014927548409003695)
	0.001695	(0.001559642633037666, 0.0018303573669623348)
	0.002014	(0.001866477799849909, 0.0021615222001500926)
	0.002522	(0.0023569598433076846, 0.0026870401566923166)
	0.002829	(0.0026542300681601733, 0.0030037699318398283)
	0.00336	(0.0031695836576278538, 0.0035504163423721482)
	0.003783	(0.0035809957214302246, 0.003985004278569777)
