	0.000679	(0.0005932857918548791, 0.0007647142081451217)
	0.001006	(0.000901685218300906, 0.0011103147816990948)
	0.001293	(0.001174754742154317, 0.0014112452578456842)
	0.001616	(0.001483829385946992, 0.0017481706140530092)
	0.002256	(0.002099885035972854, 0.002412114964027148)
	0.002606	(0.002438240932037709, 0.0027737590679622923)
	0.003236	(0.003049118697706524, 0.003422881302293478)
	0.003781	(0.003579048923678097, 0.003982951076321905)
	0.004384	(0.004166606462468221, 0.004601393537531782)
	0.004982	(0.00475032308927786, 0.005213676910722142)
	0.006069	(0.00581343456819676, 0.006324565431803242)
