	0.000608	(0.0005268879930568722, 0.0006891120069431287)
	0.000844	(0.0007484450263834289, 0.000939554973616572)
	0.001228	(0.0011127614497616811, 0.0013432385502383198)
	0.001575	(0.001444514147941389, 0.001705485852058612)
	0.001977	(0.0018308364667127168, 0.0021231635332872845)
	0.0024	(0.0022389913293376796, 0.0025610086706623217)
	0.002859	(0.002683308484995643, 0.0030346915150043586)
	0.003563	(0.0033669358200762076, 0.0037590641799237945)
	0.003976	(0.0037689269822216063, 0.004183073017778397)
	0.004538	(0.004316838252844495, 0.004759161747155508)
	0.005363	(0.00512267351911154, 0.005603326480888462)
