	0.003082	(0.002899605617204543, 0.003264394382795459)
	0.004326	(0.00411004301078094, 0.0045419569892190615)
	0.00593	(0.005677360499702847, 0.006182639500297156)
	0.007644	(0.0073574110030930956, 0.007930588996906907)
	0.009749	(0.009425690769981114, 0.01007230923001889)
	0.012084	(0.011724473595816654, 0.012443526404183348)
	0.014411	(0.014018842607514313, 0.014803157392485692)
	0.017104	(0.016677353633819815, 0.017530646366180194)
	0.019963	(0.019502743889805177, 0.02042325611019483)
	0.022798	(0.02230685924727087, 0.023289140752729132)
	0.026442	(0.02591404915583381, 0.026969950844166195)
