0.00029000000000001247	(0.00011282540839113156, 0.00046717459160889506)
0.00039000000000000146	(0.00018454674658833307, 0.0005954532534116718)
0.0006199999999999539	(0.00036098399838278757, 0.0008790160016171227)
0.0005899999999999794	(0.00033732441817801594, 0.0008426755818219454)
0.0009200000000000319	(0.0006045289803325638, 0.001235471019667503)
0.0010599999999999499	(0.0007213991392870363, 0.0013986008607128667)
0.0013100000000000334	(0.0009336287670761679, 0.0016863712329239025)
0.0015399999999999858	(0.001131970917128555, 0.0019480290828714207)
0.0017599999999999838	(0.0013238466211136569, 0.002196153378886315)
0.0020799999999999708	(0.0016059272919403589, 0.002554072708059587)
0.0024800000000000377	(0.0019624502899212096, 0.002997549710078871)
