0.0002929999999999877	(0.00023668350728004055, 0.0003493164927199354)
0.00039199999999994795	(0.0003268636650418681, 0.00045713633495802846)
0.0005009999999999737	(0.0004273664959303904, 0.0005746335040695576)
0.0007099999999999884	(0.0006223523314339405, 0.0007976476685660371)
0.0008470000000000422	(0.0007512754955451594, 0.0009427245044549258)
0.0010459999999999914	(0.0009396337102220511, 0.0011523662897779325)
0.0012739999999999974	(0.0011566256188998857, 0.0013913743811001101)
0.0015619999999999523	(0.0014320529308286217, 0.0016919470691712842)
0.0018200000000000438	(0.0016797491347605633, 0.0019602508652395256)
0.0020120000000000138	(0.0018645509186588768, 0.002159449081341152)
0.0022680000000000478	(0.002111471328567836, 0.002424528671432261)
