0.00017599999999995397	(0.0001323500715768003, 0.00021964992842310807)
0.0002849999999999797	(0.00022945743173404115, 0.0003405425682659188)
0.00033399999999994545	(0.00027387347323322604, 0.00039412652676666546)
0.0004269999999999552	(0.0003590191455219467, 0.0004949808544779644)
0.0005479999999999929	(0.00047099185302779405, 0.0006250081469721926)
0.0006819999999999604	(0.0005960967755697681, 0.0007679032244301535)
0.0008040000000000269	(0.000710734979283794, 0.0008972650207162607)
0.0009590000000000432	(0.0008571487454629358, 0.0010608512545371514)
0.0011689999999999756	(0.0010565605570813507, 0.0012814394429186016)
0.0013199999999999878	(0.001200528156480358, 0.0014394718435196188)
0.001446999999999976	(0.0013219207555449008, 0.0015720792444550527)
