<<<<<<< Updated upstream
0.00032200000000004447	(0.0002629631160919058, 0.0003810368839081837)
0.0004549999999999832	(0.0003848266358882002, 0.0005251733641117669)
0.0005939999999999834	(0.0005138267254614186, 0.000674173274538549)
0.0008190000000000142	(0.0007248696967780404, 0.0009131303032219888)
0.0010419999999999874	(0.0009358370697075604, 0.0011481629302924152)
0.0012199999999999989	(0.0011051369729690168, 0.001334863027030982)
0.0014960000000000528	(0.0013688237179149839, 0.0016231762820851229)
0.0017840000000000078	(0.001645140655229755, 0.0019228593447702619)
0.0020369999999999555	(0.0018886395446143457, 0.002185360455385567)
0.0023410000000000375	(0.0021819780068658783, 0.002500021993134198)
0.002734000000000014	(0.0025621813965387113, 0.002905818603461319)
=======
0.0003170000000000117	(0.00025842312380467943, 0.00037557687619534455)
0.00045200000000000795	(0.00038205825428215567, 0.0005219417457178609)
0.0006260000000000154	(0.0005436968204775064, 0.0007083031795225252)
0.0008639999999999759	(0.0007673204549213182, 0.0009606795450786344)
0.0010809999999999986	(0.0009728706961137049, 0.0011891293038862932)
0.0013060000000000294	(0.00118716257520366, 0.0014248374247964)
0.0015220000000000233	(0.001393725007004679, 0.0016502749929953688)
0.001798999999999995	(0.0016595591552125372, 0.0019384408447874542)
0.0021050000000000235	(0.001954188695473957, 0.0022558113045260913)
0.0024769999999999515	(0.002313435185450821, 0.0026405648145490838)
0.0027160000000000517	(0.0025447463913123446, 0.0028872536086877606)
>>>>>>> Stashed changes
