0.00015299999999995872	(0.0001123015459554319, 0.00019369845404448594)
0.00022999999999995246	(0.00018010243051003156, 0.00027989756948987386)
0.0003290000000000237	(0.00026932506989065186, 0.0003886749301093961)
0.0004269999999999552	(0.0003590191455219467, 0.0004949808544779644)
0.0005349999999999522	(0.0004589102583708939, 0.0006110897416290112)
0.0006469999999999532	(0.0005633286022838211, 0.000730671397716086)
0.0007810000000000317	(0.0006890776154237006, 0.0008729223845763636)
0.0009149999999999991	(0.0008155105134344873, 0.001014489486565512)
0.0010250000000000536	(0.0009197057474825405, 0.0011302942525175678)
0.0012489999999999446	(0.0011327815026206402, 0.00136521849737925)
0.0014739999999999753	(0.001347760910402501, 0.001600239089597451)
