0.0002697302697303172	(9.894333309043532e-05, 0.00044051720637020074)
0.0004395604395603936	(0.00022155756826051912, 0.0006575633108602701)
0.0005894105894106438	(0.0003369873563129809, 0.0008418338225083092)
0.00085914085914085	(0.0005544257906067808, 0.0011638559276749222)
0.0008891108891109223	(0.0005791312307747932, 0.0011990905474470541)
0.0011288711288711673	(0.0007796300687855644, 0.0014781121889567734)
0.0015284715284715755	(0.0011221733232299742, 0.0019347697337131805)
0.0015284715284715755	(0.0011221733232299742, 0.0019347697337131805)
0.0018781218781218634	(0.0014278217630214994, 0.0023284219932222317)
0.0020279720279720026	(0.001560087645532181, 0.0024958564104118285)
0.002707292707292752	(0.0021668778094976046, 0.003247707605087905)
