0.0003069999999999462	(0.0002493541647027727, 0.00036464583529712024)
0.00041999999999997595	(0.0003525784321673782, 0.00048742156783257434)
0.0005939999999999834	(0.0005138267254614186, 0.000674173274538549)
0.0007700000000000484	(0.000678726749332461, 0.0008612732506676367)
0.0010130000000000416	(0.0009083232899918836, 0.0011176767100082006)
0.0011780000000000124	(0.001065129066147639, 0.0012908709338523869)
0.0014600000000000168	(0.0013343609671753473, 0.0015856390328246876)
0.0017220000000000013	(0.0015855706698061005, 0.0018584293301939035)
0.002022999999999997	(0.0018751492163203093, 0.002170850783679686)
0.0022720000000000518	(0.0021153336710827814, 0.002428666328917324)
0.0026479999999999837	(0.002478898038552541, 0.002817101961447428)
