0.0008489999999999887	(0.00075316264215677, 0.0009448373578432083)
0.0011259999999999604	(0.001015645518908889, 0.0012363544810910327)
0.0014180000000000303	(0.0012941786868797152, 0.0015418213131203468)
0.001699000000000006	(0.0015634832849401278, 0.0018345167150598857)
0.002022999999999997	(0.0018751492163203093, 0.002170850783679686)
0.002414999999999945	(0.002253490175221264, 0.0025765098247786276)
0.002690999999999999	(0.002520534246986227, 0.0028614657530137725)
0.0030240000000000267	(0.0028433247482405736, 0.0032046752517594815)
0.003511000000000042	(0.0033163667240504345, 0.003705633275949651)
0.0038890000000000313	(0.003684196080966987, 0.004093803919033078)
0.004498000000000002	(0.004277810696732187, 0.004718189303267819)
