0.00027200000000005	(0.0002177386239415198, 0.00032626137605858065)
0.0003790000000000182	(0.0003149524216207457, 0.0004430475783792913)
0.0005239999999999689	(0.00044869613765800094, 0.0005993038623419376)
0.0007089999999999597	(0.0006214140330691254, 0.0007965859669307948)
0.0008850000000000247	(0.0007871536120210974, 0.000982846387978953)
0.0011109999999999731	(0.0010013822034370852, 0.001220617796562862)
0.0013140000000000374	(0.0011947996345819261, 0.0014332003654181497)
0.0015300000000000313	(0.0014013888418858715, 0.0016586111581141923)
0.0018610000000000015	(0.001719181096794873, 0.0020028189032051313)
0.0020780000000000243	(0.0019281569882764308, 0.0022278430117236192)
0.0023609999999999465	(0.002201301761439059, 0.002520698238560835)
