0.00025399999999997647	(0.00020156429407272675, 0.0003064357059272267)
0.0004009999999999847	(0.0003351204663725539, 0.0004668795336274161)
0.0005279999999999729	(0.0004524094160235126, 0.000603590583976434)
0.0006859999999999644	(0.0005998454006813872, 0.0007721545993185425)
0.0008200000000000429	(0.0007258122948339717, 0.000914187705166115)
0.0010310000000000041	(0.0009253983359913864, 0.001136601664008623)
0.0012489999999999446	(0.0011327815026206402, 0.00136521849737925)
0.001487000000000016	(0.00136020627256402, 0.0016137937274360132)
0.0016850000000000476	(0.0015500418320330575, 0.001819958167967039)
0.0018939999999999513	(0.0017509315922640892, 0.0020370684077358147)
0.0022499999999999742	(0.0020940923050960605, 0.0024059076949038897)
