	0.001372	(0.00125020082451498, 0.001493799175485021)
	0.001449	(0.0013238344703501367, 0.0015741655296498645)
	0.001794	(0.0016547527167898315, 0.0019332472832101699)
	0.002171	(0.0020178477449473795, 0.0023241522550526226)
	0.002447	(0.0022844262597420885, 0.002609573740257913)
	0.002794	(0.002620311499579032, 0.00296768850042097)
	0.003195	(0.0030093025421576588, 0.0033806974578423432)
	0.00354	(0.0033445674092790006, 0.003735432590721002)
	0.003963	(0.0037562644350571145, 0.004169735564942888)
	0.004284	(0.0040690893700212295, 0.0044989106299787715)
	0.00491	(0.004679994961250943, 0.005140005038749059)
