	0.001052	(0.0009453294009544061, 0.001158670599045595)
	0.001322	(0.001202437801486169, 0.001441562198513832)
	0.001526	(0.0013975568137932133, 0.001654443186206788)
	0.001799	(0.0016595591552125422, 0.0019384408447874594)
	0.002108	(0.0019570814941044113, 0.00225891850589559)
	0.002382	(0.002221594801109935, 0.0025424051988900665)
	0.002746	(0.002573805774577982, 0.0029181942254220203)
	0.003058	(0.0028763149845546124, 0.0032396850154453893)
	0.003359	(0.003168611899986809, 0.003549388100013193)
	0.003677	(0.003477835323029835, 0.003876164676970167)
	0.004233	(0.004019366959155184, 0.004446633040844817)
