	0.007385	(0.007103271300840106, 0.007666728699159897)
	0.010303	(0.00997072443887602, 0.010635275561123982)
	0.013498	(0.013118292548292419, 0.013877707451707584)
	0.017433	(0.01700234194428628, 0.017863658055713726)
	0.021575	(0.02109691557454389, 0.022053084425456115)
	0.026336	(0.02580907975336474, 0.026862920246635263)
	0.031305	(0.030731985243320943, 0.03187801475667906)
	0.036359	(0.03574307331098254, 0.036974926689017466)
	0.041805	(0.04114642310938268, 0.042463576890617326)
	0.047272	(0.04657368418744091, 0.0479703158125591)
	0.053328	(0.05258866232499472, 0.05406733767500529)
