	0.006923	(0.006650162506651253, 0.00719583749334875)
	0.009734	(0.009410937143848259, 0.010057062856151744)
	0.013153	(0.01277811095823009, 0.013527889041769913)
	0.016663	(0.016241795297918277, 0.017084204702081728)
	0.020836	(0.020365997339254094, 0.02130600266074591)
	0.025011	(0.024497156568431343, 0.025524843431568658)
	0.029554	(0.028996738236599044, 0.030111261763400964)
	0.034917	(0.034312959278698596, 0.035521040721301404)
	0.040305	(0.03965784024477213, 0.040952159755227875)
	0.04574	(0.045052540902985265, 0.04642745909701475)
	0.051726	(0.05099723619858457, 0.05245476380141544)
