	0.006589	(0.006322780625106708, 0.006855219374893294)
	0.00937	(0.00905297686476413, 0.009687023135235872)
	0.012449	(0.012084151619122708, 0.012813848380877296)
	0.016271	(0.015854696288291777, 0.016687303711708228)
	0.020038	(0.019576897765214818, 0.020499102234785186)
	0.024453	(0.023944775501432612, 0.024961224498567393)
	0.02928	(0.028725249185875608, 0.0298347508141244)
	0.034314	(0.033715010700146285, 0.03491298929985372)
	0.039211	(0.03857231988692761, 0.039849680113072404)
	0.045038	(0.044355585860501555, 0.045720414139498455)
	0.050707	(0.04998506263338656, 0.05142893736661345)
