	0.0085	(0.0017452971643897308, 0.015254702835610333)
	0.0085	(0.0017452971643897308, 0.015254702835610333)
	0.014	(0.005355240795145643, 0.02264475920485444)
	0.016	(0.006767741289616229, 0.02523225871038386)
	0.0215	(0.010827895469804002, 0.032172104530196095)
	0.025	(0.01351257371275219, 0.03648742628724792)
	0.0325	(0.019452791797116592, 0.045547208202883535)
	0.03	(0.017448462732272883, 0.04255153726772724)
	0.0425	(0.027657253103663623, 0.057342746896336526)
	0.048	(0.03227141990301407, 0.06372858009698608)
	0.0485	(0.03269386485012543, 0.06430613514987472)
