0.000164000000000053	(0.00012186415262789807, 0.00020613584737220832)
0.000268000000000046	(0.00021413897462338363, 0.00032186102537670887)
0.00037600000000004297	(0.00031220631596961005, 0.0004397936840304764)
0.0004490000000000327	(0.000379290643651976, 0.00051870935634809)
0.0005709999999999882	(0.0004923933205576759, 0.0006496066794423012)
0.0006599999999999939	(0.0005754927388633709, 0.0007445072611366177)
0.0008799999999999919	(0.0007824301616126063, 0.0009775698383873784)
0.0010109999999999841	(0.0009064265697426863, 0.0011155734302572828)
0.00119899999999995	(0.001085128642237475, 0.0013128713577624262)
0.0013680000000000359	(0.0012463782603550464, 0.0014896217396450267)
0.0016040000000000498	(0.0014723202414862273, 0.0017356797585138736)
