0.00031000000000003247	(0.0002520732791900574, 0.00036792672081000806)
0.00047200000000002795	(0.00040052833411730667, 0.0005434716658827499)
0.0006159999999999499	(0.0005343564321199335, 0.0006976435678799671)
0.0007989999999999942	(0.0007060252021175113, 0.0008919747978824779)
0.0010580000000000034	(0.0009510259609962239, 0.001164974039003784)
0.0012849999999999806	(0.0011671206388660176, 0.0014028793611339447)
0.0014979999999999993	(0.0013707388628769344, 0.0016252611371230655)
0.0018209999999999615	(0.0016807106798668015, 0.001961289320133123)
0.0021200000000000108	(0.0019686534543889274, 0.0022713465456110954)
0.0024610000000000465	(0.0022979630012417585, 0.0026240369987583357)
0.0027880000000000127	(0.0026144975722985336, 0.0029615024277014936)
