0.00018600000000001948	(0.00014112737229376364, 0.00023087262770627573)
0.00029199999999995896	(0.0002357796645310995, 0.00034822033546881895)
0.00035200000000001896	(0.00029027511269097097, 0.00041372488730906755)
0.0004690000000000527	(0.0003977557237965644, 0.0005402442762035416)
0.0006239999999999579	(0.0005418283181619438, 0.0007061716818379728)
0.0007200000000000539	(0.0006317376941578946, 0.0008082623058422141)
0.0009050000000000447	(0.0008060551702358406, 0.0010039448297642496)
0.0010700000000000154	(0.0009624216596052105, 0.0011775783403948211)
0.0012320000000000109	(0.0011165741485521608, 0.001347425851447862)
0.001395000000000035	(0.0012721855704991916, 0.0015178144295008797)
0.0016490000000000116	(0.0015154888982643726, 0.0017825111017356519)
