0.0003509999999999902	(0.00028936282161776117, 0.0004126371783822198)
0.00046599999999996644	(0.0003949838429329362, 0.0005370161570669974)
0.0007089999999999597	(0.0006214140330691254, 0.0007965859669307948)
0.0008580000000000254	(0.0007616564433394659, 0.0009543435566605859)
0.0011349999999999971	(0.0010242058699105742, 0.0012457941300894212)
0.0013520000000000199	(0.0012310906219054213, 0.0014729093780946195)
0.0016479999999999828	(0.0015145293200025435, 0.0017814706799974232)
0.0020649999999999835	(0.0019156254607904373, 0.002214374539209531)
0.0023889999999999745	(0.0022283598456613774, 0.002549640154338573)
0.002719000000000027	(0.002547652094720716, 0.002890347905279339)
0.0029810000000000114	(0.0028016100418278723, 0.0031603899581721523)
