0.0008350000000000302	(0.000739955439384073, 0.0009300445606159883)
0.0012410000000000476	(0.0011251538335168305, 0.0013568461664832659)
0.0014499999999999513	(0.0013247913501805934, 0.0015752086498193106)
0.001670999999999978	(0.0015366027161844737, 0.0018053972838154837)
0.0021039999999999948	(0.001953224446345203, 0.002254775553654788)
0.0024089999999999945	(0.0022476904482180496, 0.002570309551781941)
0.002834000000000003	(0.0026590761299204314, 0.0030089238700795762)
0.003391000000000033	(0.0031997102407608055, 0.003582289759239262)
0.003770000000000051	(0.0035683417907742127, 0.003971658209225891)
0.004183000000000048	(0.003970627087245349, 0.004395372912754748)
0.0046920000000000295	(0.004467134322147557, 0.004916865677852504)
