0.0002630000000000132	(0.00020964364170074414, 0.0003163563582992828)
0.00040399999999995995	(0.00033787459262195433, 0.00047012540737796616)
0.0005199999999999649	(0.00044498395748336926, 0.0005950160425165613)
0.0006869999999999932	(0.0006007826717900143, 0.0007732173282099729)
0.0008599999999999719	(0.0007635443167105471, 0.0009564556832893977)
0.0010919999999999819	(0.0009833225378677744, 0.0012006774621321904)
0.0012780000000000014	(0.0011604417375276363, 0.0013955582624723677)
0.0014939999999999953	(0.0013669086299488201, 0.0016210913700511718)
0.0017690000000000206	(0.0016307246182699266, 0.0019072753817301158)
0.0020609999999999795	(0.0019117699045180906, 0.00221023009548187)
0.0023579999999999712	(0.002198403013854265, 0.0025175969861456786)
