0.0003290000000000237	(0.00026932506989065186, 0.0003886749301093961)
0.0004450000000000287	(0.00037560170883119457, 0.0005143982911688634)
0.0006359999999999699	(0.0005530424664220277, 0.0007189575335779129)
0.0008540000000000214	(0.0007578810903490225, 0.0009501189096510212)
0.001052000000000053	(0.0009453294009544563, 0.0011586705990456504)
0.0013290000000000246	(0.0012091220981602351, 0.0014488779018398152)
0.001507000000000036	(0.0013793577174841518, 0.0016346422825159216)
0.0018610000000000015	(0.001719181096794873, 0.0020028189032051313)
0.0022440000000000238	(0.002088299852640676, 0.0023997001473593732)
0.0024880000000000457	(0.002324073307729252, 0.0026519266922708407)
0.002827000000000024	(0.0026522916818683875, 0.003001708318131662)
