0.006102000000000052	(0.005845744949707869, 0.0063582550502922375)
0.0027880000000000127	(0.0026144975722985336, 0.0029615024277014936)
0.00030200000000002447	(0.00024482537742850783, 0.00035917462257154166)
0.00044399999999999995	(0.0003746796936194766, 0.000513320306380524)
0.0005849999999999467	(0.0005054360587576706, 0.0006645639412422236)
0.0007690000000000197	(0.0006777859912903834, 0.0008602140087096568)
0.0009759999999999769	(0.0008732508369722714, 0.0010787491630276833)
0.0011879999999999669	(0.0010746515673235623, 0.0013013484326763725)
0.0014440000000000008	(0.0013190502957089456, 0.0015689497042910574)
0.0017359999999999598	(0.0015990181622278967, 0.0018729818377720242)
0.0020360000000000378	(0.001887675891181772, 0.002184324108818305)
0.0024370000000000225	(0.002274757976534854, 0.0025992420234651928)
0.0027049999999999574	(0.0025340925954813634, 0.0028759074045185532)
