0.0003049999999999997	(0.00024754218549484204, 0.00036245781450515793)
0.0004410000000000247	(0.0003719141771029491, 0.0005100858228971009)
0.0005760000000000209	(0.0004970501058410791, 0.0006549498941589635)
0.0007439999999999669	(0.000654279791667034, 0.0008337202083329006)
0.0009599999999999609	(0.0008580957074561582, 0.0010619042925437646)
0.0011120000000000019	(0.0010023329364859548, 0.00122166706351405)
0.0013520000000000199	(0.0012310906219054213, 0.0014729093780946195)
0.0016279999999999628	(0.001495340358368829, 0.001760659641631098)
0.00193500000000002	(0.0017903943303453095, 0.002079605669654732)
0.0022489999999999455	(0.0020931268769886287, 0.0024048731230112636)
0.0024690000000000545	(0.0023056988779761515, 0.0026323011220239587)
