	0.000729	(0.0006401881678726319, 0.0008178118321273691)
	0.000991	(0.0008874650564876074, 0.0010945349435123935)
	0.00114	(0.0010289623760630653, 0.0012510376239369355)
	0.001383	(0.001260714210771181, 0.0015052857892288202)
	0.001484	(0.0013573340490711937, 0.0016106659509288075)
	0.001712	(0.0015759667015246925, 0.0018480332984753087)
	0.002015	(0.0018674412541425274, 0.0021625587458574736)
	0.002234	(0.0020786463869604927, 0.0023893536130395084)
	0.002455	(0.002292161377625033, 0.002617838622374969)
	0.00268	(0.002509882072002649, 0.0028501179279973527)
	0.002874	(0.0026978495222245106, 0.0030501504777754908)
