	0.000569	(0.0004905310277405386, 0.0006474689722594621)
	0.000681	(0.0005951597346270036, 0.0007668402653729972)
	0.00084	(0.0007446715380766758, 0.0009353284619233251)
	0.000959	(0.000857148745462895, 0.001060851254537106)
	0.001169	(0.0010565605570813739, 0.001281439442918627)
	0.001317	(0.001197663817924558, 0.0014363361820754431)
	0.001419	(0.0012951350960473296, 0.0015428649039526715)
	0.001656	(0.001522206290304382, 0.0017897937096956191)
	0.00181	(0.0016701342694604292, 0.001949865730539572)
	0.002041	(0.0018924942480317705, 0.0021895057519682307)
	0.002229	(0.002073819946930301, 0.002384180053069701)
