	0.000424	(0.00035625827342158233, 0.0004917417265784183)
	0.000554	(0.00047657165567282025, 0.0006314283443271806)
	0.000629	(0.0005464999679258273, 0.0007115000320741735)
	0.000757	(0.0006664999289214358, 0.000847500071078565)
	0.000982	(0.0008789358030270898, 0.0010850641969729112)
	0.001023	(0.0009178084184423917, 0.0011281915815576093)
	0.001201	(0.0010870338239709087, 0.0013149661760290924)
	0.001322	(0.001202437801486169, 0.001441562198513832)
	0.001479	(0.001352547298549069, 0.0016054527014509321)
	0.001579	(0.0014483488184072967, 0.0017096511815927046)
	0.001799	(0.0016595591552125422, 0.0019384408447874594)
