	0.000988	(0.0008846217328793779, 0.001091378267120623)
	0.001243	(0.001127060638134198, 0.001358939361865803)
	0.001528	(0.0013994728002307744, 0.0016565271997692269)
	0.001718	(0.0015817289434260366, 0.0018542710565739645)
	0.002038	(0.001889603207022306, 0.002186396792977695)
	0.002257	(0.002100850518109852, 0.0024131494818901496)
	0.002583	(0.0024159809498913638, 0.002750019050108637)
	0.002844	(0.002668768663772389, 0.0030192313362276133)
	0.003296	(0.0031073998102402554, 0.003484600189759746)
	0.003515	(0.0033202562759069277, 0.003709743724093074)
	0.004016	(0.0038078921530015643, 0.004224107846998437)
