	0.000836	(0.000740898591093572, 0.000931101408906429)
	0.00109	(0.0009814219962669464, 0.0011985780037330547)
	0.001209	(0.0010946553409529622, 0.001323344659047039)
	0.001426	(0.0013018303911441346, 0.0015501696088558664)
	0.001665	(0.0015308438177923731, 0.0017991561822076282)
	0.001944	(0.0017990590817241025, 0.002088940918275899)
	0.002134	(0.0019821556127205685, 0.002285844387279433)
	0.002404	(0.0022428575343659573, 0.002565142465634044)
	0.002724	(0.0025524950502106504, 0.002895504949789351)
	0.003072	(0.0028899008469485616, 0.0032540991530514403)
	0.003299	(0.003110314282330307, 0.0034876857176696944)
