0.0007891249999999994	(0.0007025858186622567, 0.0008314141813377438)	12newest
0.0007635937499999995	(0.0006891759528114905, 0.0008168240471885101)	24newest
0.0007682968749999997	(0.0007260659283922413, 0.0008569340716077594)	32newest
0.0007456874999999987	(0.0006819943587502988, 0.0008090056412497018)	64newest
0.0008053671874999992	(0.0007342157948509639, 0.0008657842051490368)	16newest

0.0007759453124999983	(0.0007092927759787916, 0.000838707224021209)	12_16newest
0.0004827812499999997	(0.000432823806295017, 0.0005351761937049835)	24_12newest
0.0006626874999999998	(0.0005825872343456549, 0.0007004127656543457)	24_8newest
0.0007962656249999992	(0.0007236692671044754, 0.0008543307328955252)	12_8newest
0.0007907187499999992	(0.0007457246477195748, 0.0008782753522804257)	16_12newest
0.0007748437499999997	(0.0007179179515921905, 0.00084808204840781)	24_16newest
0.0007722500000000001	(0.0007112092936913483, 0.0008407907063086522)	16_8newest
0.0006639999999999994	(0.0006083610391273677, 0.000728638960872633)	32_8newest
6.156249999999985e-06	(5.640049859654339e-06, 2.3359950140345746e-05)	32_12newest
7.387695312499818e-05	(7.761759495652309e-05, 0.00012438240504347714)	12_12newest
1.2410156249999176e-05	(1.725603593244378e-05, 4.2743964067556344e-05)	32_16newest
