0.00013	0.00010675	(8.975206407742969e-05, 0.0001237479359225705)
0.00014	0.0001175	(9.966681788794112e-05, 0.00013533318211205903)
0.00015	0.00013125	(0.00011240237721784175, 0.00015009762278215841)
0.00015999999999999999	0.0001405	(0.00012099961982348156, 0.00016000038017651862)
0.00017	0.000171	(0.00014948722933743233, 0.00019251277066256788)
0.00017999999999999998	0.00019425	(0.00017132159964465362, 0.0002171784003553466)
0.00019	0.000205	(0.00018144582820115755, 0.00022855417179884266)
0.0002	0.00024175	(0.00021617202448574515, 0.0002673279755142551)
0.00021	0.000254	(0.0002277821470363739, 0.0002802178529636263)
0.00022	0.0002845	(0.0002567530803978135, 0.00031224691960218674)
0.00023	0.000298	(0.000269602582918198, 0.0003263974170818022)
